Datum von,Datum bis,Gesamterzeugung [MWh],Biomasse [MWh],Wasserkraft [MWh],Wind Offshore [MWh],Wind Onshore [MWh],Photovoltaik [MWh],Sonstige Erneuerbare [MWh],Kernenergie [MWh],Braunkohle [MWh],Steinkohle [MWh],Erdgas [MWh],Pumpspeicher [MWh],Sonstige Konventionelle [MWh]
2021-01-01,2021-02-01,47170005.5,3390654.25,992324.5,2263541.25,9190255.25,600445.75,154603.0,5925379.0,10260437.5,5111958.25,7292294.75,797113.5,1190998.5
2021-02-01,2021-03-01,41770396.5,2972072.25,1067784.75,2743174.5,8451315.0,1966106.5,130328.0,5343534.75,7686818.75,3350323.25,6358551.0,680576.5,1019811.25
2021-03-01,2021-04-01,45452515.0,3321780.5,1096885.5,2356745.0,9052932.75,4084762.0,145858.25,5502068.0,7844513.5,3502914.0,6603361.75,770015.25,1170678.5
2021-04-01,2021-05-01,42260696.0,3215143.75,1028506.25,1775864.25,7709987.75,5411394.25,113368.5,5145542.75,7086525.5,3452755.5,5587178.0,656823.0,1077606.5
2021-05-01,2021-06-01,39597867.0,3348917.75,1547943.0,1287883.5,8792241.5,5861740.75,109287.5,5277141.25,5706664.75,2393617.25,3589174.5,571920.75,1111334.5
2021-06-01,2021-07-01,38864954.25,2948925.5,1785436.0,1050447.75,3349814.25,7090809.5,84571.5,4945204.5,8055826.0,3163581.75,4697738.0,649711.5,1042888.0
2021-07-01,2021-08-01,39118872.0,3074738.75,1719840.5,1257519.0,4686137.75,6208818.25,88232.5,5516786.75,7429940.25,3601010.0,3929686.75,555176.5,1050985.0
2021-08-01,2021-09-01,38829402.0,3102114.0,1737281.0,1906611.75,6171110.5,5247086.75,94262.75,5792832.0,7545135.25,2867174.25,2667497.25,612267.75,1086028.75
2021-09-01,2021-10-01,40961129.75,3030714.0,1233361.0,1356177.25,4453358.5,4766983.0,93834.0,5457143.0,8727431.0,6440081.5,3791551.5,648898.5,961596.5
2021-10-01,2021-11-01,44925542.0,3230222.5,907810.75,2923248.25,10151375.5,3189160.0,128212.5,5300847.5,8951692.25,4828411.5,3548072.0,692777.5,1073711.75
2021-11-01,2021-12-01,45568082.25,3237410.5,840243.25,2533268.75,7803281.75,1099522.75,143117.0,5601700.5,9301506.5,7012461.5,6047484.5,807549.5,1140535.75
2021-12-01,2022-01-01,46775869.75,3362434.25,931017.75,2555839.25,9753297.25,704116.5,146191.5,5597806.5,9605742.0,6117467.5,6008048.75,821524.75,1172383.75
2022-01-01,2022-02-01,48398976.75,3333170.75,999362.25,3134229.0,12958027.75,932867.25,146350.5,2906690.0,8767986.25,6705602.75,6652422.5,819087.75,1043180.0
2022-02-01,2022-03-01,46915026.25,3032446.0,742255.25,2984977.75,17678625.75,2218658.5,124712.0,2695466.0,6445883.75,4815825.5,4510018.75,687026.75,979130.25
2022-03-01,2022-04-01,45576779.25,3392792.0,836591.25,1403310.0,6767806.5,5589014.0,139784.25,2973913.0,9322134.75,7223740.5,6014687.0,770501.5,1142504.5
2022-04-01,2022-05-01,42519756.5,3183136.25,946574.0,1917507.5,9519700.75,5768880.25,115795.0,2865644.5,8360134.0,4127135.5,3991558.5,725676.75,998013.5
2022-05-01,2022-06-01,38125370.25,3158014.0,1323966.0,1480282.0,6435156.5,7602797.75,89508.0,2237942.75,8269461.75,3248352.25,2608171.0,751087.5,920630.75
2022-06-01,2022-07-01,36809854.5,2971898.75,1389632.0,1164180.75,4400445.25,7988982.75,82282.25,2171814.75,8996675.25,3616988.75,2333553.0,829239.25,864161.75
2022-07-01,2022-08-01,41808608.0,3013365.5,1194125.0,1773079.25,5489588.25,7846615.25,84553.0,2924644.5,8868871.75,4324216.5,4437866.0,949070.75,902612.25
2022-08-01,2022-09-01,37772540.5,3014533.5,1154056.25,1018192.75,3512435.0,7228867.0,83707.0,2940986.5,8915118.5,5637572.75,2588600.75,793891.75,884578.75
2022-09-01,2022-10-01,38543340.75,3021267.75,1106036.5,1910452.25,6171748.75,4726082.25,84683.0,2892888.5,8737581.5,6126504.25,2034110.75,846252.75,885732.5
2022-10-01,2022-11-01,38569945.25,3197815.75,1193369.5,2466036.25,8595915.25,3512126.5,90431.75,2669763.25,8701680.5,3734602.5,2548262.25,956476.75,903465.0
2022-11-01,2022-12-01,41997885.75,3135587.75,984249.75,2818895.75,10082870.25,1671932.0,119490.0,2836794.75,9264454.0,6014713.25,3138648.75,1001468.75,928780.75
2022-12-01,2023-01-01,42943392.0,3284209.75,934232.25,2676697.75,9372948.5,640601.5,129396.0,2707921.0,8875605.0,7314615.25,4920364.75,1024043.25,1062757.0
2023-01-01,2023-02-01,44562883.75,3366888.25,1039921.5,2730538.0,14643045.25,824251.5,107191.0,1730648.0,8019967.5,5911769.0,3889810.75,970106.5,1328746.5
2023-02-01,2023-03-01,41591603.5,3071768.5,822648.0,1639371.0,10406607.5,2309490.25,108608.0,1903875.25,8014189.5,6022309.25,5335353.0,673926.75,1283456.5
2023-03-01,2023-04-01,43533282.0,3352666.0,984225.25,2434298.5,12079635.75,3735177.75,122594.5,2138099.75,7244520.5,4151686.0,4866427.0,967265.5,1456685.5
2023-04-01,2023-05-01,36337631.75,3174927.0,1055997.5,1734890.75,8346806.25,5522118.25,107037.5,968116.25,6724242.0,2901041.25,3561931.25,939114.75,1301409.0
2023-05-01,2023-06-01,33798360.25,3172380.25,1578014.25,1580524.75,6741772.75,8019121.75,96051.75,0.0,5255880.75,1608487.0,3484666.25,927695.25,1333765.5
2023-06-01,2023-07-01,32687061.25,2930674.25,1515030.75,1190448.0,4851659.5,8904774.5,76534.25,0.0,5537486.5,1664665.25,4115802.75,755777.0,1144208.5
2023-07-01,2023-08-01,34304224.25,2972075.25,1456619.0,1794391.5,8358710.5,7693868.5,76693.75,0.0,4591588.5,1535638.0,3737676.75,691008.75,1395953.75
2023-08-01,2023-09-01,31982277.25,3026313.25,1507786.75,1192894.0,5752548.25,6537509.25,82092.0,0.0,5389195.75,2282123.25,4016100.5,829334.5,1366379.75
2023-09-01,2023-10-01,32338160.25,2896349.5,1331288.0,1335142.5,5315447.5,6558575.0,89687.5,0.0,6380647.75,2559617.5,3587106.75,826190.0,1458108.25
2023-10-01,2023-11-01,38018825.0,3076700.75,1031028.75,2577212.75,11832075.0,3310175.75,104358.0,0.0,6617187.0,3220046.25,3879790.75,904607.0,1465643.0
2023-11-01,2023-12-01,41109005.0,3088185.75,1351629.0,2319520.25,14411570.5,1367921.75,115398.75,0.0,7164197.0,3958817.25,5090586.0,852006.25,1389172.5
2023-12-01,2024-01-01,43287025.25,3166389.25,1345611.5,2990697.5,16267234.75,761045.0,118933.75,0.0,6904953.5,3933812.75,5524589.25,838946.0,1434812.0
2024-01-01,2024-02-01,45019775.75,3178686.0,1527869.75,3036663.75,15538623.0,1433804.0,121548.0,0.0,6819909.25,4036643.0,7171706.5,797579.5,1356743.0
2024-02-01,2024-03-01,39611473.5,3025250.75,1363737.75,2780407.5,14088422.75,2236905.75,100751.5,0.0,6010242.5,2607946.25,5287330.75,770379.5,1340098.5
2024-03-01,2024-04-01,38119183.0,3270618.5,1394855.75,2736839.0,9347789.0,4876757.25,85718.5,0.0,6461017.75,2423432.25,5301249.25,818488.75,1402417.0
2024-04-01,2024-05-01,35447379.0,3028276.25,1402538.0,2186038.25,9674383.75,6624391.25,77726.75,0.0,4303987.5,1642419.25,4319790.5,903802.75,1284024.75
2024-05-01,2024-06-01,33083439.25,3027532.5,1683963.75,1528316.0,6248813.75,8603730.25,82885.25,0.0,4716631.75,1088283.25,3873127.25,904486.25,1325669.25
2024-06-01,2024-07-01,32606663.0,2861024.25,1653953.0,1552964.75,5670932.75,8835624.5,69856.0,0.0,5290899.0,1072616.5,3493624.0,951746.0,1153422.25
2024-07-01,2024-08-01,33495823.75,2878042.0,1795411.75,1636014.25,5528038.25,9306817.75,80859.0,0.0,5471088.0,1050448.0,3253777.5,1070466.75,1424860.5
2024-08-01,2024-09-01,32766383.75,2817887.25,1456816.25,1426232.0,5184448.5,8941062.25,81602.75,0.0,5365300.25,1696165.5,3430310.25,994638.0,1371920.75
2024-09-01,2024-10-01,33809086.75,2747048.0,1357653.75,1822075.0,8943181.25,6161317.5,76891.5,0.0,5177279.75,2185951.25,3207378.75,837670.5,1292639.5
2024-10-01,2024-11-01,34759714.0,3041499.25,1564444.75,2261530.25,8368162.75,3561570.5,88776.5,0.0,7134012.25,2750257.75,3852887.75,834093.75,1302478.5
2024-11-01,2024-12-01,38701564.75,3102041.5,1118226.5,2233532.75,10259467.0,1529686.25,91081.25,0.0,7657978.5,3685594.0,7062067.25,717187.0,1244702.75
2024-12-01,2025-01-01,40233990.25,3219102.0,1232445.0,2466866.25,13708154.25,1036765.75,101042.25,0.0,6578007.75,3096561.75,6663231.5,790154.0,1341659.75
2025-01-01,2025-02-01,42431049.5,3215965.0,1301460.25,2539817.75,13201131.5,1627464.75,96204.25,0.0,6826962.0,3611040.75,7924274.25,853112.25,1233616.75
2025-02-01,2025-03-01,37601211.0,2982355.25,1093729.0,2260150.5,7227404.0,3018648.0,84728.25,0.0,7092101.0,4236837.75,7702449.0,744985.75,1157822.5
2025-03-01,2025-04-01,37714087.0,3129648.75,965179.75,1889088.0,6491692.25,6912383.0,87666.5,0.0,7277676.75,3184093.5,5649854.75,903139.0,1223664.75
2025-04-01,2025-05-01,33490498.25,2974209.25,1003416.25,1080769.75,5843161.25,8951024.5,81003.25,0.0,5340820.5,2398520.0,3692677.25,954915.25,1169981.0
2025-05-01,2025-06-01,34504090.0,2926019.0,1175772.25,1861451.25,7858113.25,10217138.5,75802.0,0.0,4105918.5,985455.25,3130741.75,984972.0,1182706.25
2025-06-01,2025-07-01,34502382.0,2819445.0,1343208.75,1848906.25,8676526.75,10536110.75,65539.75,0.0,3635517.75,1201003.75,2394517.25,916778.25,1064827.75
2025-07-01,2025-08-01,33616454.59,2882519.84,1405119.49,1561247.83,6167800.71,9056373.02,66518.95,0.0,5754061.25,1909475.25,2927114.0,808930.25,1077294.0
2025-08-01,2025-09-01,31975152.150000002,2852499.35,1463011.45,1699077.95,5459159.51,9672278.48,73973.16,0.0,4518747.75,1301445.0,3015974.75,843045.25,1075939.5
2025-09-01,2025-10-01,34504645.87,2794210.42,1208876.63,2410541.28,9721142.41,6435895.39,72157.99,0.0,4925688.75,1397569.0,3790773.75,733651.25,1014139.0
2025-10-01,2025-11-01,39873287.809999995,3012369.21,1101271.62,2899280.5,13715347.63,3838084.5,65807.22,0.0,5648721.13,2166156.53,5275413.52,756737.01,1394098.94
2025-11-01,2025-12-01,38483562.69,3116940.82,1000809.27,2712668.41,9865268.03,2372958.5,67962.49,0.0,6595504.11,3165924.61,7504834.06,730029.59,1350662.8
