Datum von,Datum bis,Gesamt [MWh],Biomasse [MWh],Wasserkraft [MWh],Wind Offshore [MWh],Wind Onshore [MWh],Photovoltaik [MWh],Sonstige Erneuerbare [MWh],Kernenergie [MWh],Braunkohle [MWh],Steinkohle [MWh],Erdgas [MWh],Pumpspeicher [MWh],Sonstige Konventionelle [MWh]
2020-12-14,2020-12-21,10846372.75,778769.25,228452.0,840723.0,2282851.75,208337.5,36148.0,1319474.75,2115493.25,969267.25,1602918.75,196815.5,267121.75
2020-12-21,2020-12-28,9299571.25,769236.0,225564.5,659089.25,3178818.0,142913.5,33542.0,1295255.75,1097438.75,400630.25,1049778.75,196195.0,251109.5
2020-12-28,2021-01-04,8611681.25,772607.0,212520.5,337175.0,1674185.0,156765.25,37336.0,1330677.0,1699151.0,597597.0,1354440.5,167296.75,271930.25
2021-01-04,2021-01-11,10367159.25,771324.0,219139.5,483398.5,1066496.0,78002.5,35675.25,1340445.0,2409738.25,1519282.5,1961371.0,205910.75,276376.0
2021-01-11,2021-01-18,11269329.25,763837.5,216574.25,588842.25,2420537.75,117714.75,34127.0,1331288.5,2331575.25,1261929.5,1754224.5,182043.75,266634.25
2021-01-18,2021-01-25,11548177.0,763148.75,219388.0,668329.5,3539355.0,183078.0,33871.5,1312397.0,2149492.0,901903.75,1346484.25,161914.0,268815.25
2021-01-25,2021-02-01,10529267.5,761714.75,253388.25,389893.0,1698739.0,178351.5,35161.75,1367837.75,2547754.75,1178504.75,1667573.25,189137.0,261211.75
2021-02-01,2021-02-08,10759613.0,755050.75,258303.25,743076.75,2592105.5,194003.0,33398.5,1307138.75,1945897.5,938661.5,1551843.0,187069.0,253065.5
2021-02-08,2021-02-15,10929076.0,746190.5,292789.0,595389.0,1438517.5,252486.5,32668.0,1363447.25,2335048.25,1341189.75,2075371.0,184687.25,271292.0
2021-02-15,2021-02-22,10706662.25,732874.75,267115.5,820088.25,2701534.0,626092.25,33460.75,1328458.25,1734840.75,621951.75,1436430.5,157850.5,245965.0
2021-02-22,2021-03-01,9375045.25,737956.25,249577.0,584620.5,1719158.0,893524.75,30800.75,1344490.5,1671032.25,448520.25,1294906.5,150969.75,249488.75
2021-03-01,2021-03-08,10003982.75,764874.5,250858.25,311715.0,1085087.0,924047.5,34127.0,1356657.0,2300370.0,798967.25,1741138.75,171744.75,264395.75
2021-03-08,2021-03-15,11121531.0,752600.75,244743.5,672553.0,3564193.5,710067.75,32594.0,1293980.5,1435651.0,730869.75,1251882.75,175778.75,256615.75
2021-03-15,2021-03-22,10136291.5,759664.5,258662.5,485998.25,1995768.25,705514.25,35847.25,1280683.5,1741728.75,884730.25,1560821.5,161339.0,265533.5
2021-03-22,2021-03-29,10106039.5,724061.75,233354.25,652479.0,1807328.25,1061013.0,31424.5,1092661.0,1734706.5,818022.0,1506191.75,173502.25,271295.25
2021-03-29,2021-04-05,8908128.5,752668.75,264988.25,603027.75,1617702.5,1396660.75,27014.5,1112467.5,1188913.5,447921.5,1041120.75,197651.5,257991.25
2021-04-05,2021-04-12,10373214.5,756660.0,245366.25,627341.0,3200745.25,934163.75,25227.75,1091642.75,1334667.0,616267.0,1111335.25,178685.0,251113.5
2021-04-12,2021-04-19,10180227.0,751412.5,241227.5,295081.75,1188593.75,1068277.0,27222.5,1191851.0,2111967.25,1154892.5,1770821.75,124642.75,254236.75
2021-04-19,2021-04-26,9683030.75,741563.5,214365.5,320578.0,1330424.5,1596130.25,26268.0,1305468.25,1657476.5,851364.0,1261234.0,130247.75,247910.5
2021-04-26,2021-05-03,9375390.25,747562.25,258614.0,242691.25,1279654.25,1368406.5,27660.75,1241714.75,1834080.0,795119.0,1187576.0,137400.25,254911.25
2021-05-03,2021-05-10,10087058.75,746792.25,304093.25,428681.5,3121317.5,1365170.25,26478.75,1072462.25,1121675.0,617489.75,894186.0,130770.25,257942.0
2021-05-10,2021-05-17,7809638.25,760235.5,370075.75,137157.0,1179228.75,1134348.0,24957.0,1107938.5,1341661.75,551900.5,810973.5,126927.5,264234.5
2021-05-17,2021-05-24,9006169.25,756362.0,357862.25,338069.0,2093409.5,1356636.0,24726.75,1279636.25,1139973.25,517806.0,745935.5,141436.0,254316.75
2021-05-24,2021-05-31,9268717.75,766942.5,378142.0,296430.25,2007166.5,1424251.0,21890.25,1308232.75,1450136.0,505824.5,760517.75,124660.75,224523.5
2021-05-31,2021-06-07,8487585.25,712130.0,388161.0,232324.5,830032.5,1681561.25,20849.0,1292959.0,1679765.25,423723.0,833188.75,148221.0,244670.0
2021-06-07,2021-06-14,9055473.0,708179.5,423934.75,195778.25,839998.75,1704433.75,20097.25,1197291.5,1723474.75,684328.25,1159567.25,153528.75,244860.25
2021-06-14,2021-06-21,9516811.0,673978.75,417682.25,286934.5,889468.0,1966982.75,18592.25,1072651.25,1890184.75,798979.25,1084303.75,165822.75,251230.75
2021-06-21,2021-06-28,8946033.75,672710.75,417986.0,172102.75,553084.75,1481592.0,19229.25,1104558.5,2096764.75,869428.0,1186056.25,136220.0,236300.75
2021-06-28,2021-07-05,9059569.0,687064.75,413310.0,233586.5,772723.0,1342427.0,20868.0,1099330.5,2057082.25,905595.0,1167495.75,124145.25,235941.0
2021-07-05,2021-07-12,8877680.25,700498.75,392293.5,232530.0,949693.0,1231135.75,20502.0,1168525.75,1906484.25,967406.75,955430.25,132445.25,220735.0
2021-07-12,2021-07-19,8812362.75,691410.25,382665.25,376496.0,978374.75,1346152.25,19304.0,1307528.0,1546782.75,873777.5,926907.5,131813.25,231151.25
2021-07-19,2021-07-26,8457944.75,695015.75,380815.0,207649.5,593320.75,1572901.5,19381.0,1321178.75,1560221.25,831236.0,904292.25,122488.5,249444.5
2021-07-26,2021-08-02,9016563.0,685866.25,394072.25,435950.5,1859485.5,1437335.75,19945.5,1273535.25,1435764.5,496028.5,605606.75,124287.75,248684.5
2021-08-02,2021-08-09,8276089.5,692738.75,395715.0,306141.0,1158677.0,1241962.75,21442.5,1306083.25,1600789.5,569349.5,594662.25,141909.75,246618.25
2021-08-09,2021-08-16,8577894.0,703292.75,414059.0,378445.75,944475.25,1607043.25,21334.25,1306617.25,1749238.75,476039.0,588373.5,145209.0,243766.25
2021-08-16,2021-08-23,9177777.75,700229.75,385629.75,469794.75,2004973.5,1005413.5,21109.5,1293505.75,1716203.5,616355.25,588446.75,131704.25,244411.5
2021-08-23,2021-08-30,9090409.0,705950.0,377717.5,595021.5,1500618.5,985403.25,21194.25,1320853.75,1789583.25,793825.0,619270.0,136594.5,244377.5
2021-08-30,2021-09-06,9077844.25,705028.25,362422.0,201014.0,825298.0,1355241.0,22187.75,1322019.25,1822537.5,1307683.25,780548.0,144339.5,229525.75
2021-09-06,2021-09-13,9418389.0,700053.75,308813.25,164987.5,565065.5,1323631.5,20407.25,1324967.0,1986596.25,1645703.75,1004745.0,156260.0,217158.25
2021-09-13,2021-09-20,9611842.25,709111.25,291239.5,346793.5,887581.25,892024.5,20198.25,1327617.25,2178764.25,1600828.75,995632.25,143328.75,218722.75
2021-09-20,2021-09-27,9689016.5,711583.25,248175.0,372704.0,1496134.0,957017.25,23162.5,1247249.0,2019728.25,1431826.0,795226.0,155638.5,230572.75
2021-09-27,2021-10-04,10080472.25,713208.0,218449.5,694162.0,2464609.0,910473.5,25479.5,1031580.25,1888587.75,1058255.5,683495.75,151833.75,240337.75
2021-10-04,2021-10-11,9242565.0,722532.25,225191.25,378679.5,1254005.5,831558.5,29757.0,1092906.75,2132374.0,1296010.75,879119.25,149353.0,251077.25
2021-10-11,2021-10-18,10279068.75,728131.75,215031.75,719442.25,1662221.75,649595.0,29792.25,1214901.25,2319400.5,1469287.25,889854.0,124567.5,256843.5
2021-10-18,2021-10-25,10819779.75,727735.5,193592.0,749017.0,3445397.5,670083.0,27720.5,1263169.25,1849781.5,762971.5,725344.5,176073.0,228894.5
2021-10-25,2021-11-01,10380387.5,744706.0,187755.25,753138.75,2421101.25,622099.5,29634.75,1313141.25,2004612.5,1079734.0,802958.75,187020.25,234485.25
2021-11-01,2021-11-08,10228994.25,749914.75,198850.5,578083.25,2380428.0,322518.5,30617.0,1298618.0,1801980.0,1331951.75,1121246.25,168252.75,246533.5
2021-11-08,2021-11-15,10258918.5,758132.0,198276.25,465121.5,992452.0,388369.75,35696.5,1328192.0,2317729.0,1774130.5,1561411.5,173859.25,265548.25
2021-11-15,2021-11-22,10792761.25,751344.0,202758.5,681879.0,2144971.75,148223.75,34597.0,1307679.0,2258477.75,1539447.25,1262371.5,195118.0,265893.75
2021-11-22,2021-11-29,10854164.25,761901.0,185951.0,639618.25,1319829.0,213531.75,34016.0,1304991.0,2300429.75,1904652.25,1709048.25,196037.0,284159.0
2021-11-29,2021-12-06,11542063.75,756129.0,198594.25,687795.25,3294286.0,149794.0,29896.75,1272524.75,2044693.25,1373559.75,1269981.5,199986.0,264823.25
2021-12-06,2021-12-13,10947523.0,763882.5,210697.75,660029.5,1740228.0,126859.0,35696.0,1291835.75,2380119.5,1649282.25,1630828.75,183761.0,274303.0
2021-12-13,2021-12-20,10437127.0,763499.25,214856.0,561496.25,1707671.5,109012.5,35334.25,1276107.0,2172463.5,1520505.25,1628146.0,182149.75,265885.75
2021-12-20,2021-12-27,10075849.25,762844.5,193485.75,309106.0,1557550.5,235574.75,32816.0,1270029.75,2402147.5,1494461.25,1363751.75,184959.5,269122.0
2021-12-27,2022-01-03,9635121.5,743599.5,237312.75,786222.75,3457766.0,166477.25,28038.0,1009732.25,1431732.75,661548.75,675988.5,190504.25,246198.75
2022-01-03,2022-01-10,11079456.0,746280.25,239903.5,854076.25,3567387.0,164720.0,32831.25,647478.5,1998455.0,1341207.75,1068067.25,177756.0,241293.25
2022-01-10,2022-01-17,10471027.75,754965.5,240058.5,512258.0,1563651.5,232273.0,35380.0,648614.5,2324633.25,1844981.5,1906431.0,190353.75,217427.25
2022-01-17,2022-01-24,11464358.25,755807.5,209216.0,724747.0,2931646.25,220541.5,34194.25,677747.5,2146003.25,1701147.25,1644240.5,173824.75,245242.5
2022-01-24,2022-01-31,11394238.5,755524.0,215270.5,673304.5,3430866.25,237207.75,31866.75,674562.25,1799477.25,1506528.5,1640552.25,193467.0,235611.5
2022-01-31,2022-02-07,11632592.5,757265.0,175186.0,744287.0,4638884.5,253238.75,30253.25,670901.75,1591180.25,1081739.75,1278099.5,171277.75,240279.0
2022-02-07,2022-02-14,11496346.25,764598.5,184779.75,776704.75,3673798.5,579466.5,32504.25,681652.25,1770811.0,1368613.5,1265066.5,151594.0,246756.75
2022-02-14,2022-02-21,11962097.5,750864.0,193888.25,759081.25,5465497.25,449292.5,30370.25,672711.0,1182458.5,1029259.75,1009775.5,181629.0,237270.25
2022-02-21,2022-02-28,11792989.0,759744.0,188977.0,693763.25,4072870.25,774142.25,31767.25,672322.5,1865306.0,1283927.25,1011095.75,188645.5,250428.0
2022-02-28,2022-03-07,10161242.0,771833.75,196649.0,314627.75,958329.75,1125131.25,34303.75,681923.0,2275054.75,1878073.75,1481656.25,172291.75,271367.25
2022-03-07,2022-03-14,10878221.0,765792.0,167058.0,467893.5,2282943.0,1491010.5,31287.0,673376.5,1954809.0,1494363.75,1096292.0,192781.75,260614.0
2022-03-14,2022-03-21,10452702.75,769767.5,182826.0,394930.75,2204569.25,1003600.5,31212.5,669979.0,1977216.75,1441868.25,1351220.0,171063.25,254449.0
2022-03-21,2022-03-28,9785632.0,761671.5,195999.5,141250.5,806824.0,1616045.0,29904.0,664995.75,2130826.25,1672354.25,1353868.0,165916.5,245976.75
2022-03-28,2022-04-04,10328086.25,756566.0,203398.75,415838.5,1970733.75,822326.25,30145.25,665501.75,2173134.75,1517006.5,1328945.0,185649.25,258840.5
2022-04-04,2022-04-11,11520551.75,745964.5,218860.0,693129.0,4542862.5,917010.5,25722.0,673670.5,1604859.5,853276.25,851474.0,176963.5,216759.5
2022-04-11,2022-04-18,9347793.0,742581.25,228584.0,359575.75,1301524.75,1663179.0,27571.5,667748.5,2018966.25,968124.25,931423.25,191911.25,246603.25
2022-04-18,2022-04-25,9493909.25,740225.0,213326.75,506475.0,1937020.25,1615555.0,28002.75,665953.0,1964360.25,672070.25,746701.0,166285.5,237934.5
2022-04-25,2022-05-02,8733351.75,734499.25,231126.5,128404.5,587655.25,1477394.5,25355.5,667251.25,2226991.25,1220882.25,1101519.0,116243.25,216029.25
2022-05-02,2022-05-09,8141837.0,724398.0,254615.5,121380.0,484400.0,1660312.0,21618.25,585514.25,2143606.75,1136160.0,697121.25,115012.0,197699.0
2022-05-09,2022-05-16,8892762.25,710109.0,282340.25,405144.0,1700736.75,1937552.5,18907.5,433780.25,1850602.0,609708.25,542592.5,190037.25,211252.0
2022-05-16,2022-05-23,8537392.25,707174.5,340016.0,272899.0,1467566.25,1805239.0,19048.5,430017.0,1839262.25,715409.5,556080.0,176621.5,208058.75
2022-05-23,2022-05-30,9161277.25,706813.75,323805.0,672544.25,2629296.0,1520488.25,20537.0,513084.5,1505777.0,439470.75,429907.0,193078.75,206475.0
2022-05-30,2022-06-06,8422356.25,715814.0,319772.25,176639.75,847628.75,1792391.25,20280.5,590174.25,2193362.75,633023.5,714679.75,191672.0,226917.5
2022-06-06,2022-06-13,8414017.25,702245.25,336008.5,433690.75,1230353.25,1745258.0,20049.75,434707.5,2055257.5,605574.5,491886.25,160272.5,198713.5
2022-06-13,2022-06-20,8589907.25,687707.0,319340.25,240453.75,1085694.5,2135581.75,18481.0,443870.0,1995486.5,811887.0,435794.0,214105.0,201506.5
2022-06-20,2022-06-27,8520824.5,683578.25,324718.0,198991.5,850150.5,1824860.0,18387.0,504005.75,2081449.0,1108812.75,524659.0,204081.75,197131.0
2022-06-27,2022-07-04,9103972.75,678709.25,313614.0,276477.25,959848.25,1769764.0,19692.75,658567.25,2145608.75,1090313.5,810743.0,196226.25,184408.5
2022-07-04,2022-07-11,9647489.0,685660.5,288202.5,557729.75,1777034.25,1615609.0,19843.25,661786.25,1921248.75,1029986.25,669841.5,223453.5,197093.5
2022-07-11,2022-07-18,9385977.75,688164.0,242670.75,353144.75,1172939.75,1902721.25,19345.75,659161.0,1932153.0,966627.5,1011604.75,221656.0,215789.25
2022-07-18,2022-07-25,9582777.5,674242.0,267557.25,372682.75,860534.75,1886579.0,18114.0,661645.5,2049081.5,938710.0,1390650.5,245229.5,217750.75
2022-07-25,2022-08-01,9330614.25,674856.5,265215.75,335197.75,1207500.0,1652603.0,18609.25,663210.0,2111184.0,981143.5,1039049.75,187037.25,195007.5
2022-08-01,2022-08-08,8655261.0,680120.75,252444.5,283540.75,801796.75,1825045.0,18346.5,656264.25,2139748.75,1184593.75,456111.75,199710.5,157537.75
2022-08-08,2022-08-15,8516069.0,675262.0,259118.5,92794.5,874588.5,1995978.0,18834.5,666744.75,1928261.75,1157125.0,406399.5,221015.75,219946.25
2022-08-15,2022-08-22,7887934.0,676779.25,275764.0,187210.25,586385.0,1337688.75,18591.75,665406.75,1947708.0,1181438.25,665680.5,155803.5,189478.0
2022-08-22,2022-08-29,8761731.0,684396.5,263725.5,325042.5,865326.25,1457978.5,19374.0,666075.75,2040511.5,1417740.0,659562.75,138504.0,223493.75
2022-08-29,2022-09-05,9263897.0,693906.0,226688.5,428741.75,1288672.0,1518238.25,20237.75,669934.25,1990581.0,1376193.25,652284.25,188253.0,210167.0
2022-09-05,2022-09-12,8849089.25,690436.25,249667.5,328082.75,1259897.0,1158992.5,19155.0,669095.0,2153472.5,1468119.25,478022.75,176561.25,197587.5
2022-09-12,2022-09-19,9285263.5,695964.75,265790.25,680466.75,2237785.25,928715.5,19824.75,673318.75,1788003.75,1159834.75,416728.5,210947.0,207883.5
2022-09-19,2022-09-26,8648854.5,717794.0,267196.25,359800.75,734841.25,1131184.5,19592.5,680851.75,2167665.25,1614269.25,553671.5,187199.0,214788.5
2022-09-26,2022-10-03,9120510.5,724520.25,275743.0,515352.0,2124651.0,749636.75,20165.75,677149.5,1853835.75,1339947.5,411360.5,216893.0,211255.5
2022-10-03,2022-10-10,9509725.0,726416.25,318696.5,689499.0,2262905.0,1102100.75,19633.5,672561.5,1943241.75,959139.5,339688.0,264271.25,211572.0
2022-10-10,2022-10-17,8774444.75,710152.5,269260.75,457611.0,1343417.5,776459.0,19412.0,675970.0,2166875.75,1320603.5,623902.25,220265.0,190515.5
2022-10-17,2022-10-24,8359282.75,720659.75,218809.0,476195.75,1719128.0,687513.5,20578.0,578426.0,1951503.25,863074.75,725312.5,197506.25,200576.0
2022-10-24,2022-10-31,8196895.0,732094.0,272642.0,522613.0,2044053.25,708081.25,21394.25,460443.5,1988064.75,399410.75,657150.5,183816.25,207131.5
2022-10-31,2022-11-07,9069302.75,735889.0,236472.0,761758.25,2682626.5,543101.5,25541.75,667162.0,1778403.75,615241.5,594876.75,207949.75,220280.0
2022-11-07,2022-11-14,9724632.0,741184.25,225159.5,714940.75,2822803.5,537486.25,27203.25,669898.75,2047682.25,966468.0,539605.0,223602.5,208598.0
2022-11-14,2022-11-21,10046951.75,721692.0,221539.25,593154.25,2371068.0,326636.75,28180.75,664155.5,2368980.25,1651940.5,670426.5,240611.75,188566.25
2022-11-21,2022-11-28,9990549.5,728362.5,235468.0,658493.25,1907062.25,302674.75,28875.5,653212.5,2317993.75,1823852.25,855168.5,240563.25,238823.0
2022-11-28,2022-12-05,9800478.75,726004.75,218291.75,527653.5,1037198.5,92393.5,32805.25,627434.75,2364143.5,2320192.75,1369035.25,235366.75,249958.5
2022-12-05,2022-12-12,9671565.25,729999.5,190529.75,437419.0,812216.75,121597.75,34462.5,621996.5,2441404.25,2323812.25,1470492.75,223938.75,263695.5
2022-12-12,2022-12-19,10011560.0,761345.5,211611.5,520523.5,1017369.0,143054.75,28824.0,622861.5,2470294.75,2154318.75,1549073.75,282791.75,249491.25
2022-12-19,2022-12-26,9474507.5,754055.5,217429.0,605922.25,2954029.5,127073.25,26976.75,605882.0,1920364.5,1047397.5,767275.5,222153.0,225948.75
2022-12-26,2023-01-02,9363548.0,726672.5,229629.0,832457.5,4554484.75,250126.25,22516.75,562545.25,823450.75,533191.5,403589.75,203009.5,221874.5
2023-01-02,2023-01-09,9516045.0,748723.0,212697.25,797490.0,3947458.0,207214.75,22277.0,408369.5,1481022.25,743031.75,435027.5,226529.25,286204.75
2023-01-09,2023-01-16,10864860.25,752393.75,235975.75,777251.5,5279022.0,177746.25,21206.25,396188.0,1364678.75,846487.75,484913.0,231223.75,297773.5
2023-01-16,2023-01-23,10326357.5,770254.0,244574.25,517969.75,2330516.25,223050.25,25046.5,407669.0,2236492.75,1926747.75,1137487.5,207361.5,299188.0
2023-01-23,2023-01-30,9459740.5,780632.0,255995.5,361527.5,966247.25,117125.75,28412.0,358099.0,2473533.75,2080321.0,1496752.5,230364.5,310729.75
2023-01-30,2023-02-06,10789420.25,758995.75,205649.0,516102.25,4312469.75,254395.25,27154.75,358075.25,1588360.0,1182122.5,1104037.75,169710.0,312348.0
2023-02-06,2023-02-13,10566984.25,772685.5,210115.25,415505.0,1815951.0,677271.75,26803.75,494777.75,2201869.5,1825444.5,1614434.25,189455.75,322670.25
2023-02-13,2023-02-20,10241441.25,766932.25,204683.25,338601.0,2621930.75,530870.25,26444.0,507399.25,1983032.5,1522913.0,1246646.0,171907.75,320081.25
2023-02-20,2023-02-27,10291793.5,767872.75,202374.0,517492.0,2861002.5,606322.5,26442.0,501729.25,1905283.25,1269837.75,1169493.75,138748.0,325195.75
2023-02-27,2023-03-06,10062232.75,773001.5,215862.25,275432.25,1480095.25,909514.5,32389.75,498367.5,2219801.75,1503343.5,1631203.5,192545.5,330675.5
2023-03-06,2023-03-13,10105728.0,766766.25,206307.75,466551.0,2575060.25,554748.5,32050.5,490798.0,1866113.75,1176451.25,1438875.5,207067.0,324938.25
2023-03-13,2023-03-20,9766480.0,760423.0,221539.25,578427.75,3025570.0,1032129.75,26289.5,482017.25,1521459.5,731671.75,833982.5,219214.5,333755.25
2023-03-20,2023-03-27,9627281.5,734397.25,223395.25,673889.5,3295004.0,821862.0,22805.75,472315.75,1287092.75,710413.0,852281.25,210581.25,323243.75
2023-03-27,2023-04-03,9471535.0,752821.25,249912.75,685782.0,3065717.5,913630.0,24405.25,471871.75,1347916.75,632565.25,748061.0,251738.0,327113.5
2023-04-03,2023-04-10,8385756.25,769432.5,227277.25,240978.0,898490.25,1492662.0,25791.75,460369.75,1837871.25,889402.0,993507.5,232383.75,317590.25
2023-04-10,2023-04-17,8441596.75,752159.5,224338.0,529515.25,2204440.75,1070643.25,25500.75,373655.75,1420183.0,567785.25,757958.75,207999.0,307417.5
2023-04-17,2023-04-24,8735035.0,721379.25,246610.0,373713.0,2365384.0,1387719.0,25898.75,0.0,1505642.25,756307.75,822871.25,225259.0,304250.75
2023-04-24,2023-05-01,8218164.75,717087.0,285753.75,363872.25,1865347.5,1371984.25,23693.75,0.0,1664813.75,572063.25,850556.75,219725.5,283267.0
2023-05-01,2023-05-08,7726229.5,724653.25,338419.25,425515.5,1458740.75,1716578.5,22261.25,0.0,1443858.5,340683.5,757449.5,199544.5,298525.0
2023-05-08,2023-05-15,7708612.5,724224.75,370890.0,255387.5,1441458.75,1498980.5,22250.25,0.0,1474538.5,576340.75,840507.25,207509.5,296524.75
2023-05-15,2023-05-22,7670102.75,723903.25,349318.0,377234.0,1849727.0,1763382.75,22587.25,0.0,1006924.5,310514.75,749184.25,225586.5,291740.5
2023-05-22,2023-05-29,7527086.0,699245.5,366487.5,368344.75,1417787.75,2010625.0,20299.25,0.0,1023921.75,279652.5,813919.75,209296.0,317506.25
2023-05-29,2023-06-05,7262779.25,702076.75,363849.0,292824.0,1333171.25,2389787.5,20201.25,0.0,715579.75,238245.5,736721.5,190985.0,279337.75
2023-06-05,2023-06-12,7334274.5,695731.25,369100.0,309442.0,1132728.75,2172220.75,18478.75,0.0,926997.75,288419.0,976505.75,197523.25,247127.25
2023-06-12,2023-06-19,7649024.5,682695.25,350065.5,241073.5,1014247.0,2230568.25,17243.0,0.0,1361685.0,428527.5,884741.5,177716.25,260461.75
2023-06-19,2023-06-26,7839713.0,670908.0,351134.0,247414.25,1015217.75,1898400.75,16588.0,0.0,1690254.75,441626.25,1054738.75,166537.0,286893.5
2023-06-26,2023-07-03,8036078.0,669911.25,320646.25,450264.5,1766907.5,1695401.25,18075.0,0.0,1323128.25,431800.5,928740.25,145572.75,285630.5
2023-07-03,2023-07-10,8274388.75,672264.75,330619.0,448760.25,2017551.25,2086343.75,17145.5,0.0,1112042.75,388648.5,763539.75,147618.75,289854.5
2023-07-10,2023-07-17,8018176.0,662593.75,325825.75,396507.5,1757496.5,1943996.5,16434.0,0.0,1168334.75,290757.75,981219.5,162274.0,312736.0
2023-07-17,2023-07-24,7573294.5,676371.5,327064.25,358421.25,1390141.0,1743839.5,17594.25,0.0,1124586.5,423355.75,1030621.0,157294.0,324005.5
2023-07-24,2023-07-31,7044226.5,674415.5,341708.0,343281.0,1859813.5,1309618.0,17647.25,0.0,922094.5,330678.75,752257.0,159090.0,333623.0
2023-07-31,2023-08-07,7186475.0,680575.5,356712.75,325093.75,2526540.0,1208416.75,18681.75,0.0,654659.0,328244.75,586912.0,197329.25,303309.5
2023-08-07,2023-08-14,7358810.5,681832.25,352838.5,383883.75,1835927.25,1612102.0,18473.0,0.0,870177.5,380519.25,754114.25,184855.5,284087.25
2023-08-14,2023-08-21,6660592.75,681182.5,335770.75,303501.0,648260.0,1734096.25,18769.0,0.0,1124403.5,419372.5,900777.0,190952.5,303507.75
2023-08-21,2023-08-28,7559609.5,684156.25,324081.75,125611.5,664222.75,1536886.5,18053.25,0.0,1746262.5,768809.25,1162342.25,189560.5,339623.0
2023-08-28,2023-09-04,7045095.75,687466.0,343329.0,176057.75,824798.25,1231918.5,18232.0,0.0,1661829.0,576247.0,1029519.25,164594.5,331104.5
2023-09-04,2023-09-11,7432616.0,665708.5,329625.25,165326.25,839762.75,1970549.25,18816.25,0.0,1475479.5,487375.0,963764.75,193716.0,322492.5
2023-09-11,2023-09-18,7463002.25,665741.0,309767.5,259039.75,686751.25,1544949.75,22092.75,0.0,1703688.0,759794.75,977729.5,192117.75,341330.25
2023-09-18,2023-09-25,8036284.5,666096.75,294404.0,405051.75,2522056.0,1194409.25,22293.75,0.0,1247567.5,519754.0,610189.25,196044.25,358418.0
2023-09-25,2023-10-02,7567897.0,707718.25,269902.25,492806.75,1157910.0,1407767.0,22022.75,0.0,1542837.25,675786.25,756639.75,193595.5,340911.25
2023-10-02,2023-10-09,8340832.25,704835.5,230144.0,507508.5,2940192.75,1001097.25,22444.5,0.0,1106284.0,501178.25,785378.75,210847.0,330921.75
2023-10-09,2023-10-16,9091700.0,684984.75,230170.75,574628.75,3166021.25,808015.5,21852.5,0.0,1354152.25,762867.5,910252.25,228944.0,349810.5
2023-10-16,2023-10-23,8672239.0,664025.5,218978.75,589000.0,2632359.0,725378.75,23816.0,0.0,1623633.25,808386.25,866060.5,189307.5,331293.5
2023-10-23,2023-10-30,8527470.0,713901.0,243164.75,712482.5,2062117.5,458581.75,25918.75,0.0,1907757.0,919238.75,991633.75,191113.75,301560.5
2023-10-30,2023-11-06,8710115.0,710924.25,285937.0,686225.5,3941984.25,447747.5,22497.0,0.0,990382.25,430124.5,657156.75,194779.0,342357.0
2023-11-06,2023-11-13,9361777.5,715708.25,277160.0,569142.75,3585060.5,439246.0,25371.75,0.0,1711907.25,605220.5,919395.25,199699.5,313865.75
2023-11-13,2023-11-20,9521468.75,732789.25,333031.0,469373.75,3406890.25,288970.25,27339.75,0.0,1724309.0,879404.5,1125872.75,216746.0,316742.25
2023-11-20,2023-11-27,10059807.75,723771.5,331118.25,472484.5,3290516.5,256903.5,28961.75,0.0,1781871.75,1254757.0,1419214.5,174406.0,325802.5
2023-11-27,2023-12-04,9825136.5,721867.5,344769.5,375376.0,1353954.25,95670.5,32133.5,0.0,2515414.0,1750737.25,2097697.0,204724.5,332792.5
2023-12-04,2023-12-11,10157200.75,724494.5,309872.0,678513.25,2601190.0,114628.75,29941.0,0.0,2198046.25,1241626.75,1761563.25,173106.75,324218.25
2023-12-11,2023-12-18,9594591.25,717186.75,304072.0,582697.25,2667064.5,201074.0,28350.75,0.0,2122194.25,1045499.5,1428808.75,183727.0,313916.5
2023-12-18,2023-12-25,10470104.5,714239.0,298238.25,762909.75,5678218.25,172689.0,23239.25,0.0,888151.75,538784.25,866893.25,203363.25,323378.5
2023-12-25,2024-01-01,9218126.25,700868.75,288793.5,849646.5,5044232.75,242150.5,23643.75,0.0,596182.75,340228.5,594258.5,205487.25,332633.5
2024-01-01,2024-01-08,9016543.0,701946.0,329704.25,744640.5,3819163.75,162537.75,29687.5,0.0,1251045.25,464225.25,1045666.0,165160.25,302766.5
2024-01-08,2024-01-15,10313092.5,724908.25,369397.0,533697.0,2116781.5,321376.75,28834.5,0.0,2146960.5,1372354.0,2174485.25,197462.0,326835.75
2024-01-15,2024-01-22,10904310.75,724899.75,334862.5,751975.75,3342846.25,231218.5,26347.5,0.0,1909971.5,1090420.25,2009650.0,186903.25,295215.5
2024-01-22,2024-01-29,10587836.75,716146.25,333067.0,708449.75,4981384.25,473554.75,25025.0,0.0,862150.0,729395.25,1299102.5,164539.25,295022.75
2024-01-29,2024-02-05,10433030.0,721078.5,355867.5,779271.25,4438805.0,448934.25,26588.0,0.0,1137764.5,774235.25,1238183.0,188780.0,323522.75
2024-02-05,2024-02-12,9977227.75,715336.75,322044.0,759711.5,3859616.5,351094.75,27607.25,0.0,1454503.75,669373.25,1311911.75,180248.25,325780.0
2024-02-12,2024-02-19,8890930.0,724020.75,315462.0,630540.25,2552728.75,569605.25,26211.5,0.0,1677283.25,633638.25,1260085.25,170424.5,330930.25
2024-02-19,2024-02-26,9505563.0,745044.0,343082.75,622221.0,3649797.75,674492.75,20793.5,0.0,1221569.0,556624.25,1162231.0,198841.5,310865.5
2024-02-26,2024-03-04,8544462.25,749843.0,320610.25,599661.75,1688391.75,880588.0,19409.0,0.0,1793313.75,559623.0,1444096.0,170667.25,318258.5
2024-03-04,2024-03-11,9398221.75,739424.0,310765.0,728378.5,2192045.25,1016593.75,19213.0,0.0,1813332.5,723738.75,1352251.5,165382.75,337096.75
2024-03-11,2024-03-18,8641532.25,731917.25,310202.0,697701.75,2075794.0,996046.75,18960.75,0.0,1512417.25,546824.5,1253678.5,182404.25,315585.25
2024-03-18,2024-03-25,8674390.25,744984.25,327389.5,600102.5,2071166.25,1126084.0,19137.0,0.0,1498015.0,521459.5,1268003.5,186937.0,311111.75
2024-03-25,2024-04-01,7863292.0,735006.5,314009.5,397558.75,2186313.75,1295339.75,20203.5,0.0,1012843.25,426110.0,940942.25,228697.5,306267.25
2024-04-01,2024-04-08,8576339.5,725405.25,305825.25,621180.75,3267187.0,1234925.0,17924.25,0.0,744353.0,336264.5,798666.75,201790.25,322817.5
2024-04-08,2024-04-15,8218725.5,667155.5,309775.25,622522.0,2330918.75,1671381.0,17628.5,0.0,826158.5,372923.25,858550.75,236236.25,305475.75
2024-04-15,2024-04-22,8206474.5,705766.5,343148.5,465642.0,2363924.25,1306066.75,18812.75,0.0,1089943.75,438256.75,992245.75,197908.0,284759.5
2024-04-22,2024-04-29,8235752.5,725459.75,345042.25,347961.75,1387369.25,1741665.75,18461.25,0.0,1379911.0,412744.75,1391500.5,194206.75,291429.5
2024-04-29,2024-05-06,7670744.75,684480.25,341326.25,500000.5,1836198.75,1979023.25,19629.5,0.0,800663.25,235508.0,784749.75,200120.25,289045.0
2024-05-06,2024-05-13,6915191.0,704892.25,366997.5,118125.25,719979.75,2085494.5,20167.0,0.0,1136519.25,224957.5,1030775.25,192100.0,315182.75
2024-05-13,2024-05-20,8303506.5,687468.5,369819.0,490459.25,2210892.75,2080332.0,16832.5,0.0,785100.25,317003.0,787541.0,243386.25,314672.0
2024-05-20,2024-05-27,7227344.75,668658.5,404995.0,300774.75,1073147.5,1948515.25,18346.5,0.0,1190335.25,244599.0,896890.0,200354.25,280728.75
2024-05-27,2024-06-03,7106377.5,676797.25,392883.5,442639.5,1278028.75,1570993.75,17601.5,0.0,1287370.5,172517.0,794194.5,191000.25,282351.0
2024-06-03,2024-06-10,7778547.0,669310.25,348999.5,471871.5,1158155.5,2136172.0,17007.5,0.0,1281569.5,200262.75,977167.0,237061.5,280970.0
2024-06-10,2024-06-17,7973316.75,675725.25,379764.75,494019.5,1955830.75,1966644.5,16013.75,0.0,1071478.25,244727.75,705493.75,206912.75,256705.75
2024-06-17,2024-06-24,7393277.5,671923.5,414339.75,178481.0,984981.25,1938792.75,15689.0,0.0,1477241.25,343852.5,881039.0,222593.25,264344.25
2024-06-24,2024-07-01,7531883.5,653790.25,417538.25,213641.25,1027516.0,2403739.5,16354.0,0.0,1240874.5,259702.25,787727.75,236365.25,274634.5
2024-07-01,2024-07-08,7932678.75,649261.0,406176.75,591648.75,2147705.25,1724451.75,18043.0,0.0,1094047.25,182960.25,576534.5,232747.5,309102.75
2024-07-08,2024-07-15,7693064.0,652297.0,428838.0,431455.5,1158191.5,2149408.75,18716.0,0.0,1301065.5,250710.0,744430.75,241221.25,316729.75
2024-07-15,2024-07-22,7524024.5,641305.5,410422.25,323875.5,1045896.25,2348312.0,18325.0,0.0,1212000.5,195443.0,737291.75,266572.25,324580.5
2024-07-22,2024-07-29,7146299.75,658528.75,398545.25,253436.5,991593.5,1957363.5,18308.75,0.0,1253490.25,239443.75,820716.0,229787.5,325086.0
2024-07-29,2024-08-05,7106501.5,648357.75,364339.5,129992.0,576374.5,2177767.75,17806.75,0.0,1430400.25,408278.5,802474.25,214177.5,336532.75
2024-08-05,2024-08-12,7218087.0,632478.25,337817.75,324077.25,976729.75,2157470.75,17987.75,0.0,1172322.5,278872.75,752341.5,257135.25,310853.5
2024-08-12,2024-08-19,7089147.0,641222.0,318197.75,213855.25,818911.25,1970719.0,17901.75,0.0,1378413.25,431310.75,796059.0,191626.5,310930.5
2024-08-19,2024-08-26,7918825.25,630220.75,331857.75,561473.0,2118964.25,1924835.0,19552.0,0.0,941245.25,276466.75,570757.0,232748.5,310705.0
2024-08-26,2024-09-02,7730161.75,631945.0,291255.0,317498.75,1127651.25,2153649.5,18422.5,0.0,1192947.25,519211.5,970621.25,210658.5,296301.25
2024-09-02,2024-09-09,7985535.5,638393.5,282095.75,324425.0,1410110.5,1806904.5,17659.25,0.0,1314235.5,644897.75,1058322.0,195615.25,292876.5
2024-09-09,2024-09-16,7615114.25,629572.75,318028.0,424929.75,2150459.5,1188381.75,17417.75,0.0,1145040.0,528551.5,725347.25,190607.75,296778.25
2024-09-16,2024-09-23,7677037.25,645323.0,327103.0,318544.0,1790236.25,1608836.0,17330.5,0.0,1293037.0,496394.5,671308.5,197274.75,311649.75
2024-09-23,2024-09-30,8130921.75,651339.25,346203.75,590862.75,2784527.75,1088433.25,18984.75,0.0,1146623.75,425621.25,565488.75,211099.5,301737.0
2024-09-30,2024-10-07,7537099.75,661519.0,366942.25,541332.75,1919956.25,877158.25,20810.5,0.0,1553039.25,475301.75,610921.25,196855.5,313263.0
2024-10-07,2024-10-14,8435369.25,674349.25,362575.75,709746.25,2841329.5,891316.5,19427.5,0.0,1359284.25,414205.5,644334.0,224193.25,294607.5
2024-10-14,2024-10-21,7724890.5,703389.25,377222.25,410623.5,1970136.75,871349.25,19160.5,0.0,1461175.5,542715.0,895372.5,175725.0,298021.0
2024-10-21,2024-10-28,7751028.25,704796.0,334285.0,401900.0,1410139.25,790411.5,21044.25,0.0,1814737.25,821208.75,997256.0,169233.25,286017.0
2024-10-28,2024-11-04,7537621.75,684828.0,277233.0,452835.5,1407756.5,549191.0,19648.25,0.0,1783683.0,766884.25,1181893.0,153393.75,260275.5
2024-11-04,2024-11-11,7647891.25,722168.0,280927.0,202857.5,511479.25,324626.5,19685.75,0.0,2040218.0,1044944.25,2025894.75,198694.25,276396.0
2024-11-11,2024-11-18,9174116.25,728802.0,245622.25,657840.75,1994290.5,237202.75,21834.5,0.0,1876947.5,983552.75,1935365.0,181051.5,311606.75
2024-11-18,2024-11-25,10334000.25,731021.25,246557.75,671102.75,4153176.5,316294.0,21730.0,0.0,1566598.5,784013.75,1405072.0,147058.75,291375.0
2024-11-25,2024-12-02,9801946.75,730312.75,277480.25,603698.0,3295768.5,461009.25,22663.25,0.0,1752095.25,725272.0,1478634.25,151021.0,303992.25
2024-12-02,2024-12-09,9488653.0,733381.5,294077.0,661100.5,2967165.25,240411.25,22931.75,0.0,1764345.5,687175.5,1624589.25,188186.75,305288.75
2024-12-09,2024-12-16,9104844.5,714688.5,308925.25,456162.5,2363216.0,124462.5,22983.0,0.0,1622170.75,894301.75,2069557.0,202130.75,326246.5
2024-12-16,2024-12-23,10386229.0,731197.75,247415.75,756163.5,5542332.25,196679.0,22721.5,0.0,861075.0,550601.5,1005345.0,200786.25,271911.5
2024-12-23,2024-12-30,7363470.5,728748.5,272433.5,384289.0,1453983.5,328562.0,22817.25,0.0,1682160.5,686676.0,1351646.5,142485.75,309668.0
2024-12-30,2025-01-06,9379377.25,690931.5,249802.25,590703.75,3907129.0,225239.0,21972.0,0.0,1316495.75,640165.25,1302621.75,138002.0,296315.0
2025-01-06,2025-01-13,10114688.25,713355.25,295381.75,520590.25,4039966.75,307444.5,22330.5,0.0,1398614.75,832942.25,1525745.0,170631.5,287685.75
2025-01-13,2025-01-20,9030255.5,744259.25,327383.5,484221.0,1140003.0,433215.75,22406.75,0.0,1819665.0,975570.5,2538294.0,226210.25,319026.5
2025-01-20,2025-01-27,9534788.25,741971.25,289985.5,554477.25,2684443.5,418184.0,21220.75,0.0,1585656.0,841931.5,1932514.0,212639.0,251765.5
2025-01-27,2025-02-03,9208831.5,745274.0,293217.75,545406.0,2640669.75,565839.75,21168.25,0.0,1650504.75,821958.25,1511760.5,183402.25,229630.25
2025-02-03,2025-02-10,9601508.25,743600.75,283440.25,666796.0,1854959.75,664592.75,20585.5,0.0,1809008.5,1062755.5,2049289.0,178173.75,268306.5
2025-02-10,2025-02-17,9523005.25,753007.25,299876.0,558627.5,1698663.25,432111.75,20731.25,0.0,1686673.75,1318402.5,2241761.0,195361.25,317789.75
2025-02-17,2025-02-24,9858784.75,751053.5,252459.0,726181.5,2312031.25,1178809.5,21744.0,0.0,1653580.25,889891.75,1566211.75,204284.0,302538.25
2025-02-24,2025-03-03,8803190.75,726461.75,244560.25,396532.75,1499202.75,839940.25,21273.0,0.0,1915658.0,917850.25,1769722.0,175711.75,296278.0
2025-03-03,2025-03-10,8865090.25,716539.0,224885.75,611851.25,1434056.25,1922835.0,19883.25,0.0,1608083.5,611414.25,1252761.75,214465.75,248314.5
2025-03-10,2025-03-17,7916300.25,714984.75,216634.5,279598.5,907895.25,1066028.0,19891.75,0.0,1754797.0,832120.25,1630343.75,203701.0,290305.5
2025-03-17,2025-03-24,8930667.5,706018.75,207245.0,377346.5,1930462.5,1994820.0,19899.25,0.0,1413579.0,643736.0,1168653.0,199594.0,269313.5
2025-03-24,2025-03-31,8427626.75,690803.5,214277.0,447781.5,1567065.0,1425904.25,18981.75,0.0,1725284.25,753526.25,1097664.25,204222.25,282116.75
2025-03-31,2025-04-07,8542631.5,658369.5,225676.0,321994.5,2043257.25,2169390.5,19160.25,0.0,1280177.0,528425.25,779648.5,223120.5,293412.25
2025-04-07,2025-04-14,8385183.25,676031.0,215095.75,332068.75,1587726.0,2178717.5,19358.0,0.0,1158282.0,671219.0,1023935.0,241182.25,281568.0
2025-04-14,2025-04-21,7625075.5,694617.75,238923.25,302500.0,1448883.75,1678353.25,18877.25,0.0,1337273.25,608103.75,796131.0,227735.0,273677.25
2025-04-21,2025-04-28,6944213.5,720551.75,248636.75,133522.75,939734.25,1861929.0,19195.25,0.0,1196118.5,522412.5,845494.0,199473.25,257145.5
2025-04-28,2025-05-05,7105484.75,696361.0,246192.25,267086.25,1022383.25,2426525.75,16870.75,0.0,1032777.0,233701.25,687105.25,220748.0,255734.0
2025-05-05,2025-05-12,7525372.0,664242.25,296560.25,248156.5,1233547.0,2463676.25,17861.5,0.0,1064407.75,246819.5,801543.0,226987.5,261570.5
2025-05-12,2025-05-19,8046130.75,654969.25,241448.0,413524.75,1736906.75,2590765.5,17469.75,0.0,946509.25,249762.5,723547.0,213248.75,257979.25
2025-05-19,2025-05-26,8309686.0,659959.25,248644.0,571046.75,2118605.0,2157960.75,16655.25,0.0,982833.25,291765.5,771307.75,212982.5,277926.0
2025-05-26,2025-06-02,7722549.0,662762.0,293307.75,461428.25,2193435.75,2078972.0,16197.5,0.0,768568.75,140709.75,602050.5,229825.25,275291.5
2025-06-02,2025-06-09,7811766.5,663808.25,345860.5,467045.5,2400772.0,1880874.5,16497.0,0.0,760166.25,201380.25,571434.5,227510.25,276417.5
2025-06-09,2025-06-16,8107025.0,663547.25,321647.25,485284.5,2088166.75,2644623.75,15581.25,0.0,687231.75,177830.5,526850.0,244487.0,251775.0
2025-06-16,2025-06-23,7617483.75,660680.25,318345.75,280982.75,1007491.0,2939553.25,14695.75,0.0,986780.25,411830.5,542771.75,224568.5,229784.0
2025-06-23,2025-06-30,8848648.75,645803.0,276623.25,541446.0,2815752.5,2334814.0,14778.5,0.0,917577.75,334598.0,565236.25,167446.0,234573.5
2025-06-30,2025-07-07,8207080.5600000005,643478.4,276345.88,383792.83,1393893.79,2632049.51,13552.15,0.0,1223980.0,437126.0,773486.25,197483.25,231892.5
2025-07-07,2025-07-14,7410202.220000001,651307.27,290199.65,356333.12,1320530.21,2040478.73,15569.24,0.0,1282808.5,416600.5,631919.5,178174.25,226281.25
2025-07-14,2025-07-21,7473036.34,648211.01,287792.46,218828.45,1095375.56,2141933.78,15472.58,0.0,1444872.0,555613.75,646701.25,168082.75,250152.75
2025-07-21,2025-07-28,7253555.76,655623.66,366409.58,243877.04,1275680.85,1689260.38,15139.5,0.0,1402621.25,485874.5,691810.0,175016.5,252242.5
2025-07-28,2025-08-04,7315488.67,663009.09,392269.01,622572.18,1848968.15,1733294.94,16270.3,0.0,949592.75,119073.25,504344.0,208246.5,257848.5
2025-08-04,2025-08-11,7352262.2,664291.61,357955.64,498673.69,1616622.0,2315921.19,16459.07,0.0,738659.0,136223.25,531558.5,231474.25,244424.0
2025-08-11,2025-08-18,7328715.909999999,638312.68,303972.09,290948.75,932679.25,2479282.84,16854.3,0.0,1061044.75,406570.75,769362.25,188882.75,240805.5
2025-08-18,2025-08-25,7345783.96,636499.64,314864.72,408274.99,1216257.96,2188713.61,17233.04,0.0,1163155.5,329038.5,655954.0,175793.25,239998.75
2025-08-25,2025-09-01,7075438.13,628138.83,317399.4,261531.23,1035142.71,1961378.27,15939.44,0.0,1200036.5,390891.25,860151.0,163133.25,241696.25
2025-09-01,2025-09-08,7652572.13,646591.99,305954.49,406432.92,1670192.54,1849443.2,17189.24,0.0,1166957.0,369918.0,825477.25,166678.0,227737.5
2025-09-08,2025-09-15,7688136.13,650449.51,298220.1,521275.65,1818396.17,1496046.41,15258.29,0.0,1187575.5,326078.5,950293.25,198647.5,225895.25
2025-09-15,2025-09-22,8908518.809999999,623360.25,246640.31,866617.83,3644791.15,1630918.34,16645.43,0.0,733620.25,202859.0,547086.5,169246.75,226733.0
2025-09-22,2025-09-29,8030412.569999999,676004.61,282240.23,573837.49,2368022.19,1078741.25,17853.55,0.0,1366128.25,315986.25,960427.0,144301.0,246870.75
2025-09-29,2025-10-06,8569607.71,681442.57,261857.24,469903.63,2575735.37,1356884.43,15028.22,0.0,1160003.5,381014.5,1180013.25,183539.25,304185.75
2025-10-06,2025-10-13,8138193.75,667886.75,277346.0,520156.0,1801395.0,677018.0,14730.25,0.0,1656903.75,571483.25,1473537.0,161245.0,316492.75
2025-10-13,2025-10-20,8158472.609999999,669120.63,228022.98,474315.25,1178640.7,963691.75,15025.71,0.0,1701780.93,764561.48,1662122.09,168753.37,332437.72
2025-10-20,2025-10-27,10120179.59,691513.6,227069.63,882678.85,5084621.8,657754.54,15339.14,0.0,884894.48,373951.58,810800.73,169190.99,322364.25
2025-10-27,2025-11-03,9216451.9,711181.24,255707.18,805494.54,4123679.52,706063.53,15300.09,0.0,959810.01,312607.29,861918.12,168341.33,296349.05
2025-11-03,2025-11-10,8478566.17,736568.81,253029.11,425585.62,1770582.42,780706.49,15729.88,0.0,1657898.38,743537.58,1634532.12,144164.5,316231.26
2025-11-10,2025-11-17,8833956.729999999,741375.11,223706.04,670190.14,2419835.56,565032.0,15960.34,0.0,1485190.68,681169.33,1578106.44,151129.04,302262.05
2025-11-17,2025-11-24,9738440.379999997,722736.43,206523.5,682641.98,2481411.25,604871.02,15897.45,0.0,1654320.4,815800.79,2061685.41,165412.86,327139.29
2025-11-24,2025-12-01,9327987.799999999,705288.96,244640.69,723360.27,2364454.39,279767.41,15970.09,0.0,1554830.86,870682.59,2025022.17,229768.25,314202.12
