Datum von,Datum bis,Gesamtlast [MWh],Netzlast [MWh],Netzlast inkl. Pumpspeicher [MWh],Pumpspeicher [MWh],Residuallast [MWh]
2020-12-14,2020-12-21,16944684.5,10021246.5,10255350.25,234103.75,6689334.25
2020-12-21,2020-12-28,13571747.75,8653659.75,8898908.75,245249.0,4672839.0
2020-12-28,2021-01-04,14888680.25,8408100.25,8648705.25,240605.0,6239975.0
2021-01-04,2021-01-11,18777528.130000003,10098335.25,10307229.75,208894.5,8470298.38
2021-01-11,2021-01-18,18743207.5,10818243.25,11052059.0,233815.75,7691148.5
2021-01-18,2021-01-25,17129604.25,10639866.0,10880500.75,240634.75,6249103.5
2021-01-25,2021-02-01,19139579.25,10591969.5,10814593.25,222623.75,8324986.0
2021-02-01,2021-02-08,17791220.75,10555939.5,10764466.5,208527.0,7026754.25
2021-02-08,2021-02-15,19820320.5,10950105.5,11156608.0,206502.5,8663712.5
2021-02-15,2021-02-22,16801579.5,10368684.0,10580610.0,211926.0,6220969.5
2021-02-22,2021-03-01,16775454.5,9884145.75,10088612.0,204466.25,6686842.5
2021-03-01,2021-03-08,17984624.0,10049461.0,10256012.5,206551.5,7728611.5
2021-03-08,2021-03-15,16108805.25,10414755.0,10640864.5,226109.5,5467940.75
2021-03-15,2021-03-22,17511930.5,10243528.5,10455682.75,212154.25,7056247.75
2021-03-22,2021-03-29,16513244.25,9905959.75,10128104.75,222145.0,6385139.5
2021-03-29,2021-04-05,14781421.25,9084151.75,9314660.5,230508.75,5466760.75
2021-04-05,2021-04-12,14984858.75,9741574.25,10005534.5,263960.25,4979324.25
2021-04-12,2021-04-19,17434465.25,9912831.5,10073586.25,160754.75,7360879.0
2021-04-19,2021-04-26,16025668.0,9540265.75,9732535.0,192269.25,6293133.0
2021-04-26,2021-05-03,15862744.0,9283380.25,9470115.75,186735.5,6392628.25
2021-05-03,2021-05-10,14687291.75,9703360.5,9899100.5,195740.0,4788191.25
2021-05-10,2021-05-17,15265928.75,8772453.0,8944209.5,171756.5,6321719.25
2021-05-17,2021-05-24,14959191.5,9277331.5,9469974.5,192643.0,5489217.0
2021-05-24,2021-05-31,14312638.75,8928181.5,9112305.0,184123.5,5200333.75
2021-05-31,2021-06-07,14967468.0,8769141.25,8942245.0,173103.75,6025223.0
2021-06-07,2021-06-14,15777274.25,9171033.0,9346452.0,175419.0,6430822.25
2021-06-14,2021-06-21,15942829.5,9443155.0,9643059.75,199904.75,6299769.75
2021-06-21,2021-06-28,16320086.5,9176621.5,9350244.5,173623.0,6969842.0
2021-06-28,2021-07-05,16383709.0,9293195.0,9439250.5,146055.5,6944458.5
2021-07-05,2021-07-12,16208404.5,9233963.25,9387800.0,153836.75,6820604.5
2021-07-12,2021-07-19,15972127.25,9265707.75,9407442.5,141734.75,6564684.75
2021-07-19,2021-07-26,15924300.25,9087839.75,9210332.25,122492.5,6713968.0
2021-07-26,2021-08-02,14543889.0,9050187.0,9226473.75,176286.75,5317415.25
2021-08-02,2021-08-09,14976396.25,8767229.5,8915947.5,148718.0,6060448.75
2021-08-09,2021-08-16,14752716.5,8760261.75,8922419.0,162157.25,5830297.5
2021-08-16,2021-08-23,14688999.25,9005376.25,9163804.75,158428.5,5525194.5
2021-08-23,2021-08-30,15145399.75,9032613.25,9193829.75,161216.5,5951570.0
2021-08-30,2021-09-06,15948449.25,9071960.75,9258041.5,186080.75,6690407.75
2021-09-06,2021-09-13,16232658.5,9053208.25,9233134.75,179926.5,6999523.75
2021-09-13,2021-09-20,16417247.5,9183978.5,9359668.25,175689.75,7057579.25
2021-09-20,2021-09-27,15991401.75,9292937.75,9524319.25,231381.5,6467082.5
2021-09-27,2021-10-04,15198265.0,9509009.25,9758500.25,249491.0,5439764.75
2021-10-04,2021-10-11,16594971.0,9430505.0,9628709.5,198204.5,6966261.5
2021-10-11,2021-10-18,16938975.5,9903996.5,10066238.0,162241.5,6872737.5
2021-10-18,2021-10-25,15460009.0,10035348.75,10289157.75,253809.0,5170851.25
2021-10-25,2021-11-01,16480758.5,10018211.75,10258886.25,240674.5,6221872.25
2021-11-01,2021-11-08,16818926.5,9928333.25,10171623.0,243289.75,6647303.5
2021-11-08,2021-11-15,18500366.75,10082299.5,10264010.5,181711.0,8236356.25
2021-11-15,2021-11-22,17555851.5,10132312.75,10398613.25,266300.5,7157238.25
2021-11-22,2021-11-29,19041306.0,10487213.25,10727071.75,239858.5,8314234.25
2021-11-29,2021-12-06,18074116.75,10976156.5,11229835.5,253679.0,6844281.25
2021-12-06,2021-12-13,19231716.25,10763764.75,10995068.0,231303.25,8236648.25
2021-12-13,2021-12-20,18738129.5,10441587.5,10674722.25,233134.75,8063407.25
2021-12-20,2021-12-27,17168202.0,9528970.75,9741462.5,212491.75,7426739.5
2021-12-27,2022-01-03,13289122.25,8709567.25,8990021.0,280453.75,4299101.25
2022-01-03,2022-01-10,16042382.0,10189604.5,10438960.75,249356.25,5603421.25
2022-01-10,2022-01-17,19188561.5,10647618.5,10849125.5,201507.0,8339436.0
2022-01-17,2022-01-24,17988284.25,10811945.75,11053273.25,241327.5,6935011.0
2022-01-24,2022-01-31,17429141.5,10765939.75,11004580.25,238640.5,6424561.25
2022-01-31,2022-02-07,16221889.75,10813226.25,11045073.75,231847.5,5176816.0
2022-02-07,2022-02-14,16458024.75,10627628.0,10860366.5,232738.5,5597658.25
2022-02-14,2022-02-21,14697126.75,10555951.5,10815046.25,259094.75,3882080.5
2022-02-21,2022-02-28,15634763.5,10450966.75,10724572.5,273605.75,4910191.0
2022-02-28,2022-03-07,18104536.25,10147421.0,10355204.0,207783.0,7749332.25
2022-03-07,2022-03-14,16095644.25,10032164.75,10305326.5,273161.75,5790317.75
2022-03-14,2022-03-21,16508769.5,9945398.0,10166472.0,221074.0,6342297.5
2022-03-21,2022-03-28,16596477.25,9467516.0,9693080.75,225564.75,6903396.5
2022-03-28,2022-04-04,16910103.75,9951316.25,10167686.0,216369.75,6742417.75
2022-04-04,2022-04-11,14426334.25,10145980.25,10433356.0,287375.75,3992978.25
2022-04-11,2022-04-18,14646566.75,8860872.75,9109973.5,249100.75,5536593.25
2022-04-18,2022-04-25,14032336.5,8922452.5,9168934.25,246481.75,4863402.25
2022-04-25,2022-05-02,16188300.5,9123559.75,9258195.0,134635.25,6930105.5
2022-05-02,2022-05-09,15983798.25,9067073.75,9182816.5,115742.75,6800981.75
2022-05-09,2022-05-16,14653368.25,9213863.25,9482938.25,269075.0,5170430.0
2022-05-16,2022-05-23,15128358.75,9221432.75,9452630.25,231197.5,5675728.5
2022-05-23,2022-05-30,12800378.75,8657837.5,8964869.75,307032.25,3835509.0
2022-05-30,2022-06-06,14883935.75,8759810.5,8940785.0,180974.5,5943150.75
2022-06-06,2022-06-13,13901348.5,8530840.75,8779809.75,248969.0,5121538.75
2022-06-13,2022-06-20,13963076.5,8577048.0,8847758.5,270710.5,5115318.0
2022-06-20,2022-06-27,15056827.0,8833744.75,9097084.25,263339.5,5959742.75
2022-06-27,2022-07-04,14934613.0,8828974.0,9111728.5,282754.5,5822884.5
2022-07-04,2022-07-11,14137250.0,8893373.25,9194249.75,300876.5,4943000.25
2022-07-11,2022-07-18,14301769.5,8717730.75,9012844.5,295113.75,5288925.0
2022-07-18,2022-07-25,14589245.5,8695712.75,9013329.25,317616.5,5575916.25
2022-07-25,2022-08-01,14209307.75,8551968.75,8852639.75,300671.0,5356668.0
2022-08-01,2022-08-08,14321262.75,8477414.0,8754231.25,276817.25,5567031.5
2022-08-08,2022-08-15,14006722.25,8356689.0,8613394.25,256705.25,5393328.0
2022-08-15,2022-08-22,14857895.0,8365119.0,8604060.0,238941.0,6253835.0
2022-08-22,2022-08-29,14475151.25,8455599.75,8667898.75,212299.0,5807252.5
2022-08-29,2022-09-05,14009903.75,8503487.25,8742068.5,238581.25,5267835.25
2022-09-05,2022-09-12,14884190.25,8692903.0,8938259.5,245356.5,5945930.75
2022-09-12,2022-09-19,14014679.5,8788490.5,9073156.5,284666.0,4941523.0
2022-09-19,2022-09-26,15136020.25,8571520.25,8790326.5,218806.25,6345693.75
2022-09-26,2022-10-03,14669138.25,8869310.5,9189467.5,320157.0,5479670.75
2022-10-03,2022-10-10,13518080.75,8617984.5,8954601.0,336616.5,4563479.75
2022-10-10,2022-10-17,15373964.5,8832589.25,9118862.75,286273.5,6255101.75
2022-10-17,2022-10-24,15064537.75,8839304.0,9108071.0,268767.0,5956466.75
2022-10-24,2022-10-31,14654480.75,8837128.25,9092100.0,254971.75,5562380.75
2022-10-31,2022-11-07,13748876.75,8729353.5,9007009.5,277656.0,4741867.25
2022-11-07,2022-11-14,14620693.5,9197447.75,9498476.25,301028.5,5122217.25
2022-11-14,2022-11-21,15686202.5,9325432.75,9651628.75,326196.0,6034573.75
2022-11-21,2022-11-28,16185145.75,9370995.5,9682380.5,311385.0,6502765.25
2022-11-28,2022-12-05,17885751.75,9632854.75,9910142.5,277287.75,7975609.25
2022-12-05,2022-12-12,18371122.25,9722237.25,10020118.5,297881.25,8351003.75
2022-12-12,2022-12-19,18805630.25,10099373.5,10387204.0,287830.5,8418426.25
2022-12-19,2022-12-26,14392213.5,8884937.75,9194300.75,309363.0,5197912.75
2022-12-26,2023-01-02,10420751.75,7852379.0,8205441.25,353062.25,2215310.5
2023-01-02,2023-01-09,12997597.75,8825412.75,9124347.75,298935.0,3873250.0
2023-01-09,2023-01-16,13550060.5,9732190.0,10051890.25,319700.25,3498170.25
2023-01-16,2023-01-23,16862670.0,9858735.0,10075471.25,216736.25,6787198.75
2023-01-23,2023-01-30,18281957.25,9766307.25,9960550.5,194243.25,8321406.75
2023-01-30,2023-02-06,14898430.0,9860289.75,10121107.5,260817.75,4777322.5
2023-02-06,2023-02-13,16780514.25,9727863.25,9961378.75,233515.5,6819135.5
2023-02-13,2023-02-20,15510006.25,9399113.75,9602294.5,203180.75,5907711.75
2023-02-20,2023-02-27,14956020.25,9357328.75,9583508.5,226179.75,5372511.75
2023-02-27,2023-03-06,16281641.5,9367912.25,9578771.25,210859.0,6702870.25
2023-03-06,2023-03-13,15353104.0,9361631.25,9587832.5,226201.25,5765271.5
2023-03-13,2023-03-20,14042424.5,9189541.0,9489011.0,299470.0,4553413.5
2023-03-20,2023-03-27,13357658.75,8936096.5,9212317.75,276221.25,4145341.0
2023-03-27,2023-04-03,13879407.0,9112848.75,9431687.75,318839.0,4447719.25
2023-04-03,2023-04-10,14314583.75,8342987.0,8603727.0,260740.0,5710856.75
2023-04-10,2023-04-17,13137811.0,8327604.0,8614806.25,287202.25,4523004.75
2023-04-17,2023-04-24,13356503.25,8604754.75,8878564.5,273809.75,4477938.75
2023-04-24,2023-05-01,13801102.75,8567262.0,8835044.75,267782.75,4966058.0
2023-05-01,2023-05-08,13218704.75,8267163.75,8552375.75,285212.0,4666329.0
2023-05-08,2023-05-15,14154652.5,8564903.25,8785576.0,220672.75,5369076.5
2023-05-15,2023-05-22,12249069.75,7970672.25,8268741.25,298069.0,3980328.5
2023-05-22,2023-05-29,12803570.0,8175367.75,8424959.75,249592.0,4378610.25
2023-05-29,2023-06-05,11846787.5,7800732.25,8061838.0,261105.75,3784949.5
2023-06-05,2023-06-12,12520767.5,7944182.25,8190976.75,246794.5,4329790.75
2023-06-12,2023-06-19,13391545.25,8339193.25,8538240.75,199047.5,4853304.5
2023-06-19,2023-06-26,13851659.5,8410308.25,8602384.0,192075.75,5249275.5
2023-06-26,2023-07-03,13092142.25,8395558.5,8609157.0,213598.5,4482985.25
2023-07-03,2023-07-10,12362854.25,8371303.5,8544206.0,172902.5,3818648.25
2023-07-10,2023-07-17,12860796.0,8382408.75,8576387.75,193979.0,4284408.25
2023-07-17,2023-07-24,12965772.5,8140723.25,8317451.0,176727.75,4648321.5
2023-07-24,2023-07-31,12814116.25,8077979.75,8248849.0,170869.25,4565267.25
2023-07-31,2023-08-07,12344930.0,8092936.75,8312043.75,219107.0,4032886.25
2023-08-07,2023-08-14,12549752.75,8071137.0,8310528.75,239391.75,4239224.0
2023-08-14,2023-08-21,13781411.75,8126218.75,8341050.25,214831.5,5440361.5
2023-08-21,2023-08-28,14437961.75,8269723.0,8494959.5,225236.5,5943002.25
2023-08-28,2023-09-04,14392234.0,8215464.5,8409544.0,194079.5,5982690.0
2023-09-04,2023-09-11,13851303.0,8303111.25,8523830.0,220718.75,5327473.0
2023-09-11,2023-09-18,14623008.75,8439037.0,8674712.5,235675.5,5948296.25
2023-09-18,2023-09-25,12964835.75,8399193.5,8687159.25,287965.75,4277676.5
2023-09-25,2023-10-02,13971254.5,8390909.75,8638828.5,247918.75,5332426.0
2023-10-02,2023-10-09,12248962.0,8197874.5,8499886.0,302011.5,3749076.0
2023-10-09,2023-10-16,13349897.0,8795204.75,9103357.75,308153.0,4246539.25
2023-10-16,2023-10-23,14430364.5,9051710.0,9325392.25,273682.25,5104972.25
2023-10-23,2023-10-30,15350627.0,9163911.25,9419897.5,255986.25,5930729.5
2023-10-30,2023-11-06,12927000.5,8865677.25,9137280.5,271603.25,3789720.0
2023-11-06,2023-11-13,14610644.0,9475409.75,9728683.5,253273.75,4881960.5
2023-11-13,2023-11-20,15205029.0,9568059.5,9802203.75,234144.25,5402825.25
2023-11-20,2023-11-27,15609581.5,9709790.25,9919695.75,209905.5,5689885.75
2023-11-27,2023-12-04,18696027.75,10154767.5,10366261.0,211493.5,8329766.75
2023-12-04,2023-12-11,17044787.75,10113309.5,10325810.25,212500.75,6718977.5
2023-12-11,2023-12-18,16025400.0,9630242.75,9845993.0,215750.25,6179407.0
2023-12-18,2023-12-25,12334464.75,9341263.5,9607018.25,265754.75,2727446.5
2023-12-25,2024-01-01,9824084.5,7841129.25,8118985.0,277855.75,1705099.5
2024-01-01,2024-01-08,13219581.0,8872359.0,9073564.0,201205.0,4146017.0
2024-01-08,2024-01-15,17903857.5,10355651.75,10520061.0,164409.25,7383796.5
2024-01-15,2024-01-22,17030782.75,10583885.75,10772937.5,189051.75,6257845.25
2024-01-22,2024-01-29,13945202.5,9925268.25,10183323.0,258054.75,3761879.5
2024-01-29,2024-02-05,14301266.25,9872308.5,10095968.25,223659.75,4205298.0
2024-02-05,2024-02-12,14707769.5,9735674.25,9942518.0,206843.75,4765251.5
2024-02-12,2024-02-19,15233838.25,9394112.0,9592600.5,198488.5,5641237.75
2024-02-19,2024-02-26,14466347.75,9595009.25,9817850.0,222840.75,4648497.75
2024-02-26,2024-03-04,15862557.0,9415218.0,9615980.5,200762.5,6246576.5
2024-03-04,2024-03-11,15277319.25,9503050.25,9711286.5,208236.25,5566032.75
2024-03-11,2024-03-18,15138630.25,9342750.5,9565422.25,222671.75,5573208.0
2024-03-18,2024-03-25,14799836.25,9170542.75,9426646.25,256103.5,5373190.0
2024-03-25,2024-04-01,13321989.75,8479180.75,8722021.25,242840.5,4599968.5
2024-04-01,2024-04-08,12289085.75,8551175.75,8861202.75,310027.0,3427883.0
2024-04-08,2024-04-15,13296088.25,8796768.25,9124141.75,327373.5,4171946.5
2024-04-15,2024-04-22,14075534.5,8963818.0,9247349.5,283531.5,4828185.0
2024-04-22,2024-04-29,14560325.25,8903481.75,9133840.25,230358.5,5426485.0
2024-04-29,2024-05-06,12232677.25,8140142.0,8407757.75,267615.75,3824919.5
2024-05-06,2024-05-13,13290980.5,7989753.25,8224826.75,235073.5,5066153.75
2024-05-13,2024-05-20,12417953.5,8459056.0,8740581.5,281525.5,3677372.0
2024-05-20,2024-05-27,12834488.25,7947005.5,8209920.25,262914.75,4624568.0
2024-05-27,2024-06-03,13104306.5,8073910.75,8322057.75,248147.0,4782248.75
2024-06-03,2024-06-10,13123056.5,8309200.5,8580055.0,270854.5,4543001.5
2024-06-10,2024-06-17,12665366.5,8398160.75,8683700.5,285539.75,3981666.0
2024-06-17,2024-06-24,14014453.5,8438845.25,8677863.25,239018.0,5336590.25
2024-06-24,2024-07-01,13542884.25,8447791.75,8739989.25,292197.5,4802895.0
2024-07-01,2024-07-08,12839013.75,8507090.25,8795729.25,288639.0,4043284.5
2024-07-08,2024-07-15,13328637.75,8402146.5,8665547.0,263400.5,4663090.75
2024-07-15,2024-07-22,13213103.5,8323297.75,8607889.5,284591.75,4605214.0
2024-07-22,2024-07-29,13507271.5,8210692.5,8498972.5,288280.0,5008299.0
2024-07-29,2024-08-05,13545056.25,8079005.0,8350185.5,271180.5,5194870.75
2024-08-05,2024-08-12,13378004.5,8259006.25,8577276.0,318269.75,4800728.5
2024-08-12,2024-08-19,13994138.75,8361583.5,8636040.75,274457.25,5358098.0
2024-08-19,2024-08-26,12398267.25,8333388.5,8670151.0,336762.5,3728116.25
2024-08-26,2024-09-02,13545206.0,8430795.25,8713210.25,282415.0,4831995.75
2024-09-02,2024-09-09,14188969.0,8748715.75,8981693.25,232977.5,5207275.75
2024-09-09,2024-09-16,13779232.25,8625180.75,8917822.5,292641.75,4861409.75
2024-09-16,2024-09-23,13170799.75,8328908.75,8559507.25,230598.5,4611292.5
2024-09-23,2024-09-30,13046254.5,8605346.75,8904731.5,299384.75,4141523.0
2024-09-30,2024-10-07,13598124.75,8321647.75,8614924.25,293276.5,4983200.5
2024-10-07,2024-10-14,13448969.25,8786568.0,9104793.5,318225.5,4344175.75
2024-10-14,2024-10-21,14522313.5,8786711.0,8987712.0,201001.0,5534601.5
2024-10-21,2024-10-28,15092722.75,8747587.5,8947586.0,199998.5,6145136.75
2024-10-28,2024-11-04,15194918.75,8708312.25,8896389.5,188077.25,6298529.25
2024-11-04,2024-11-11,17740716.5,9306603.5,9473076.25,166472.75,8267640.25
2024-11-11,2024-11-18,16953409.25,9807104.75,10035638.5,228533.75,6917770.75
2024-11-18,2024-11-25,15321495.0,10112253.25,10349815.0,237561.75,4971680.0
2024-11-25,2024-12-02,15653148.25,9904146.25,10109477.75,205331.5,5543670.5
2024-12-02,2024-12-09,16477276.25,10049795.75,10296157.5,246361.75,6181118.75
2024-12-09,2024-12-16,17410753.5,10055950.5,10298644.0,242693.5,7112109.5
2024-12-16,2024-12-23,12800172.75,9501448.0,9793899.5,292451.5,3006273.25
2024-12-23,2024-12-30,14126418.5,8052886.75,8240366.25,187479.5,5886052.25
2024-12-30,2025-01-06,13135377.25,8825965.25,9032483.75,206518.5,4102893.5
2025-01-06,2025-01-13,15403721.5,10010755.0,10260968.0,250213.0,5142753.5
2025-01-13,2025-01-20,18859245.5,10353851.25,10562834.0,208982.75,8296411.5
2025-01-20,2025-01-27,16681782.0,10058597.75,10280289.0,221691.25,6401493.0
2025-01-27,2025-02-03,16274000.71,9878431.98,10147484.23,269052.25,6126516.48
2025-02-03,2025-02-10,17360048.78,10176168.64,10370228.64,194060.0,6989820.14
2025-02-10,2025-02-17,18187580.72,10333747.11,10543236.11,209489.0,7644344.61
2025-02-17,2025-02-24,15907527.559999999,9942842.78,10181707.03,238864.25,5725820.53
2025-02-24,2025-03-03,16625946.760000002,9567241.88,9794380.63,227138.75,6831566.13
2025-03-03,2025-03-10,14875092.3,9275169.4,9568665.4,293496.0,5306426.9
2025-03-10,2025-03-17,16702825.420000002,9356907.71,9599439.46,242531.75,7103385.96
2025-03-17,2025-03-24,14351064.64,9182535.32,9471158.32,288623.0,4879906.32
2025-03-24,2025-03-31,14800886.23,8980084.24,9261552.74,281468.5,5539333.49
2025-03-31,2025-04-07,13212835.100000001,8723334.55,9024142.8,300808.25,4188692.3
2025-04-07,2025-04-14,13684547.129999999,8740643.94,9042415.44,301771.5,4642131.69
2025-04-14,2025-04-21,13432930.64,8299208.82,8563458.82,264250.0,4869471.82
2025-04-21,2025-04-28,13692839.91,8193936.33,8434089.58,240153.25,5258750.33
2025-04-28,2025-05-05,12249259.32,7833341.66,8131912.91,298571.25,4117346.41
2025-05-05,2025-05-12,12689684.3,8190875.9,8444188.15,253312.25,4245496.15
2025-05-12,2025-05-19,11891879.96,8183537.73,8449539.23,266001.5,3442340.73
2025-05-26,2025-06-02,11252871.88,7840798.44,8145909.44,305111.0,3106962.44
2025-06-02,2025-06-09,12206841.07,8315359.91,8640173.16,324813.25,3566667.91
2025-06-09,2025-06-16,10917569.63,7897244.94,8238399.69,341154.75,2679169.94
2025-06-16,2025-06-23,11923881.71,7938368.23,8213540.48,275172.25,3710341.23
2025-06-23,2025-06-30,11685073.3,8559494.4,8817591.4,258097.0,2867481.9
2025-06-30,2025-07-07,13004569.38,8583230.63,8831074.88,247844.25,4173494.5
2025-07-14,2025-07-21,13027322.190000001,8122967.61,8360492.36,237524.75,4666829.83
2025-07-21,2025-07-28,13411330.440000001,8211295.98,8408852.73,197556.75,5002477.71
2025-07-28,2025-08-04,12186379.58,8053796.93,8337417.93,283621.0,3848961.65
2025-08-04,2025-08-11,11853649.82,7993417.35,8291449.35,298032.0,3562200.47
2025-08-11,2025-08-18,12913921.41,8187174.5,8429657.75,242483.25,4484263.66
2025-08-18,2025-08-25,12623066.48,8101482.52,8334830.52,233348.0,4288235.96
2025-08-25,2025-09-01,13301155.05,8181749.88,8377457.38,195707.5,4923697.67
2025-09-01,2025-09-08,13151491.47,8419381.57,8658178.57,238797.0,4493312.9
2025-09-08,2025-09-15,13296625.82,8459434.28,8672909.78,213475.5,4623716.04
2025-09-15,2025-09-22,11288299.98,8569525.4,8861101.9,291576.5,2427198.08
2025-09-22,2025-09-29,13661089.89,8745835.66,8935855.16,190019.5,4725234.73
2025-09-29,2025-10-06,13290721.84,8716778.51,8976466.76,259688.25,4314255.08
2025-10-06,2025-10-13,15435958.5,9107352.0,9327175.5,219823.5,6108783.0
2025-10-13,2025-10-20,15827562.419999998,9118271.0,9325939.12,207668.12,6501623.3
2025-10-20,2025-10-27,12463648.45,9418648.82,9670054.82,251406.0,2793593.63
2025-10-27,2025-11-03,12984703.9,9208328.27,9411613.23,203284.96,3573090.67
2025-11-03,2025-11-10,16334226.600000001,9551540.4,9759560.72,208020.32,6574665.88
2025-11-10,2025-11-17,15669831.9,9572060.69,9752828.91,180768.22,5917002.99
