Datum von,Datum bis,Gesamtkapazität [MWh],Biomasse [MWh],Wasserkraft [MWh],Wind Offshore [MWh],Wind Onshore [MWh],Photovoltaik [MWh],Sonstige Erneuerbare [MWh],Kernenergie [MWh],Braunkohle [MWh],Steinkohle [MWh],Erdgas [MWh],Pumpspeicher [MWh],Sonstige Konventionelle [MWh]
2021-01-01,2021-02-01,107806344.0,6103776.0,0.0,0.0,40432680.0,37505040.0,0.0,0.0,0.0,0.0,23764848.0,0.0,0.0
2021-02-01,2021-03-01,97373472.0,5513088.0,0.0,0.0,36519840.0,33875520.0,0.0,0.0,0.0,0.0,21465024.0,0.0,0.0
2021-03-01,2021-04-01,107806344.0,6103776.0,0.0,0.0,40432680.0,37505040.0,0.0,0.0,0.0,0.0,23764848.0,0.0,0.0
2021-04-01,2021-05-01,104328720.0,5906880.0,0.0,0.0,39128400.0,36295200.0,0.0,0.0,0.0,0.0,22998240.0,0.0,0.0
2021-05-01,2021-06-01,107806344.0,6103776.0,0.0,0.0,40432680.0,37505040.0,0.0,0.0,0.0,0.0,23764848.0,0.0,0.0
2021-06-01,2021-07-01,104328720.0,5906880.0,0.0,0.0,39128400.0,36295200.0,0.0,0.0,0.0,0.0,22998240.0,0.0,0.0
2021-07-01,2021-08-01,107806344.0,6103776.0,0.0,0.0,40432680.0,37505040.0,0.0,0.0,0.0,0.0,23764848.0,0.0,0.0
2021-08-01,2021-09-01,107806344.0,6103776.0,0.0,0.0,40432680.0,37505040.0,0.0,0.0,0.0,0.0,23764848.0,0.0,0.0
2021-09-01,2021-10-01,104328720.0,5906880.0,0.0,0.0,39128400.0,36295200.0,0.0,0.0,0.0,0.0,22998240.0,0.0,0.0
2021-10-01,2021-11-01,107806344.0,6103776.0,0.0,0.0,40432680.0,37505040.0,0.0,0.0,0.0,0.0,23764848.0,0.0,0.0
2021-11-01,2021-12-01,104328720.0,5906880.0,0.0,0.0,39128400.0,36295200.0,0.0,0.0,0.0,0.0,22998240.0,0.0,0.0
2021-12-01,2022-01-01,107806344.0,6103776.0,0.0,0.0,40432680.0,37505040.0,0.0,0.0,0.0,0.0,23764848.0,0.0,0.0
2022-01-01,2022-02-01,123693720.0,6199008.0,3688752.0,0.0,41135016.0,42961536.0,0.0,0.0,0.0,0.0,22731432.0,6977976.0,0.0
2022-02-01,2022-03-01,111723360.0,5599104.0,3331776.0,0.0,37154208.0,38803968.0,0.0,0.0,0.0,0.0,20531616.0,6302688.0,0.0
2022-03-01,2022-04-01,123693720.0,6199008.0,3688752.0,0.0,41135016.0,42961536.0,0.0,0.0,0.0,0.0,22731432.0,6977976.0,0.0
2022-04-01,2022-05-01,119703600.0,5999040.0,3569760.0,0.0,39808080.0,41575680.0,0.0,0.0,0.0,0.0,21998160.0,6752880.0,0.0
2022-05-01,2022-06-01,123693720.0,6199008.0,3688752.0,0.0,41135016.0,42961536.0,0.0,0.0,0.0,0.0,22731432.0,6977976.0,0.0
2022-06-01,2022-07-01,119703600.0,5999040.0,3569760.0,0.0,39808080.0,41575680.0,0.0,0.0,0.0,0.0,21998160.0,6752880.0,0.0
2022-07-01,2022-08-01,123693720.0,6199008.0,3688752.0,0.0,41135016.0,42961536.0,0.0,0.0,0.0,0.0,22731432.0,6977976.0,0.0
2022-08-01,2022-09-01,123693720.0,6199008.0,3688752.0,0.0,41135016.0,42961536.0,0.0,0.0,0.0,0.0,22731432.0,6977976.0,0.0
2022-09-01,2022-10-01,119703600.0,5999040.0,3569760.0,0.0,39808080.0,41575680.0,0.0,0.0,0.0,0.0,21998160.0,6752880.0,0.0
2022-10-01,2022-11-01,123693720.0,6199008.0,3688752.0,0.0,41135016.0,42961536.0,0.0,0.0,0.0,0.0,22731432.0,6977976.0,0.0
2022-11-01,2022-12-01,119703600.0,5999040.0,3569760.0,0.0,39808080.0,41575680.0,0.0,0.0,0.0,0.0,21998160.0,6752880.0,0.0
2022-12-01,2023-01-01,123693720.0,6199008.0,3688752.0,0.0,41135016.0,42961536.0,0.0,0.0,0.0,0.0,22731432.0,6977976.0,0.0
2023-01-01,2023-02-01,144602352.0,6299448.0,3756456.0,0.0,42846960.0,46921104.0,327360.0,0.0,0.0,13807896.0,23665152.0,6977976.0,0.0
2023-02-01,2023-03-01,130608576.0,5689824.0,3392928.0,0.0,38700480.0,42380352.0,295680.0,0.0,0.0,12471648.0,21374976.0,6302688.0,0.0
2023-03-01,2023-04-01,144602352.0,6299448.0,3756456.0,0.0,42846960.0,46921104.0,327360.0,0.0,0.0,13807896.0,23665152.0,6977976.0,0.0
2023-04-01,2023-05-01,139937760.0,6096240.0,3635280.0,0.0,41464800.0,45407520.0,316800.0,0.0,0.0,13362480.0,22901760.0,6752880.0,0.0
2023-05-01,2023-06-01,144602352.0,6299448.0,3756456.0,0.0,42846960.0,46921104.0,327360.0,0.0,0.0,13807896.0,23665152.0,6977976.0,0.0
2023-06-01,2023-07-01,139937760.0,6096240.0,3635280.0,0.0,41464800.0,45407520.0,316800.0,0.0,0.0,13362480.0,22901760.0,6752880.0,0.0
2023-07-01,2023-08-01,144602352.0,6299448.0,3756456.0,0.0,42846960.0,46921104.0,327360.0,0.0,0.0,13807896.0,23665152.0,6977976.0,0.0
2023-08-01,2023-09-01,144602352.0,6299448.0,3756456.0,0.0,42846960.0,46921104.0,327360.0,0.0,0.0,13807896.0,23665152.0,6977976.0,0.0
2023-09-01,2023-10-01,139937760.0,6096240.0,3635280.0,0.0,41464800.0,45407520.0,316800.0,0.0,0.0,13362480.0,22901760.0,6752880.0,0.0
2023-10-01,2023-11-01,144602352.0,6299448.0,3756456.0,0.0,42846960.0,46921104.0,327360.0,0.0,0.0,13807896.0,23665152.0,6977976.0,0.0
2023-11-01,2023-12-01,139937760.0,6096240.0,3635280.0,0.0,41464800.0,45407520.0,316800.0,0.0,0.0,13362480.0,22901760.0,6752880.0,0.0
2023-12-01,2024-01-01,144602352.0,6299448.0,3756456.0,0.0,42846960.0,46921104.0,327360.0,0.0,0.0,13807896.0,23665152.0,6977976.0,0.0
2024-01-01,2024-02-01,186214272.0,6381288.0,3803328.0,6291264.0,44521704.0,56991144.0,305040.0,0.0,13662072.0,13697784.0,26973720.0,7030056.0,6556872.0
2024-02-01,2024-03-01,174200448.0,5969592.0,3557952.0,5885376.0,41649336.0,53314296.0,285360.0,0.0,12780648.0,12814056.0,25233480.0,6576504.0,6133848.0
2024-03-01,2024-04-01,186214272.0,6381288.0,3803328.0,6291264.0,44521704.0,56991144.0,305040.0,0.0,13662072.0,13697784.0,26973720.0,7030056.0,6556872.0
2024-04-01,2024-05-01,180207360.0,6175440.0,3680640.0,6088320.0,43085520.0,55152720.0,295200.0,0.0,13221360.0,13255920.0,26103600.0,6803280.0,6345360.0
2024-05-01,2024-06-01,186214272.0,6381288.0,3803328.0,6291264.0,44521704.0,56991144.0,305040.0,0.0,13662072.0,13697784.0,26973720.0,7030056.0,6556872.0
2024-06-01,2024-07-01,180207360.0,6175440.0,3680640.0,6088320.0,43085520.0,55152720.0,295200.0,0.0,13221360.0,13255920.0,26103600.0,6803280.0,6345360.0
2024-07-01,2024-08-01,186214272.0,6381288.0,3803328.0,6291264.0,44521704.0,56991144.0,305040.0,0.0,13662072.0,13697784.0,26973720.0,7030056.0,6556872.0
2024-08-01,2024-09-01,186214272.0,6381288.0,3803328.0,6291264.0,44521704.0,56991144.0,305040.0,0.0,13662072.0,13697784.0,26973720.0,7030056.0,6556872.0
2024-09-01,2024-10-01,180207360.0,6175440.0,3680640.0,6088320.0,43085520.0,55152720.0,295200.0,0.0,13221360.0,13255920.0,26103600.0,6803280.0,6345360.0
2024-10-01,2024-11-01,186214272.0,6381288.0,3803328.0,6291264.0,44521704.0,56991144.0,305040.0,0.0,13662072.0,13697784.0,26973720.0,7030056.0,6556872.0
2024-11-01,2024-12-01,180207360.0,6175440.0,3680640.0,6088320.0,43085520.0,55152720.0,295200.0,0.0,13221360.0,13255920.0,26103600.0,6803280.0,6345360.0
2024-12-01,2025-01-01,186214272.0,6381288.0,3803328.0,6291264.0,44521704.0,56991144.0,305040.0,0.0,13662072.0,13697784.0,26973720.0,7030056.0,6556872.0
2025-01-01,2025-02-01,196023912.0,6521904.0,3980400.0,6855960.0,47014848.0,64287552.0,331824.0,0.0,11290944.0,11867544.0,27240816.0,6981696.0,9650424.0
2025-02-01,2025-03-01,177053856.0,5890752.0,3595200.0,6192480.0,42465024.0,58066176.0,299712.0,0.0,10198272.0,10719072.0,24604608.0,6306048.0,8716512.0
2025-03-01,2025-04-01,196023912.0,6521904.0,3980400.0,6855960.0,47014848.0,64287552.0,331824.0,0.0,11290944.0,11867544.0,27240816.0,6981696.0,9650424.0
2025-04-01,2025-05-01,189700560.0,6311520.0,3852000.0,6634800.0,45498240.0,62213760.0,321120.0,0.0,10926720.0,11484720.0,26362080.0,6756480.0,9339120.0
2025-05-01,2025-06-01,196023912.0,6521904.0,3980400.0,6855960.0,47014848.0,64287552.0,331824.0,0.0,11290944.0,11867544.0,27240816.0,6981696.0,9650424.0
2025-06-01,2025-07-01,189700560.0,6311520.0,3852000.0,6634800.0,45498240.0,62213760.0,321120.0,0.0,10926720.0,11484720.0,26362080.0,6756480.0,9339120.0
2025-07-01,2025-08-01,196023912.0,6521904.0,3980400.0,6855960.0,47014848.0,64287552.0,331824.0,0.0,11290944.0,11867544.0,27240816.0,6981696.0,9650424.0
2025-08-01,2025-09-01,196023912.0,6521904.0,3980400.0,6855960.0,47014848.0,64287552.0,331824.0,0.0,11290944.0,11867544.0,27240816.0,6981696.0,9650424.0
2025-09-01,2025-10-01,189700560.0,6311520.0,3852000.0,6634800.0,45498240.0,62213760.0,321120.0,0.0,10926720.0,11484720.0,26362080.0,6756480.0,9339120.0
2025-10-01,2025-11-01,196023912.0,6521904.0,3980400.0,6855960.0,47014848.0,64287552.0,331824.0,0.0,11290944.0,11867544.0,27240816.0,6981696.0,9650424.0
2025-11-01,2025-12-01,189700560.0,6311520.0,3852000.0,6634800.0,45498240.0,62213760.0,321120.0,0.0,10926720.0,11484720.0,26362080.0,6756480.0,9339120.0
2025-12-01,2026-01-01,196023912.0,6521904.0,3980400.0,6855960.0,47014848.0,64287552.0,331824.0,0.0,11290944.0,11867544.0,27240816.0,6981696.0,9650424.0
